  -3.1314868e-03  -5.7302540e+01
   9.9414988e-01  -5.5438412e+01
   1.9914313e+00  -5.4494550e+01
   2.9887126e+00  -5.4423760e+01
   3.9774702e+00  -5.5108060e+01
   4.9832754e+00  -5.4966481e+01
   5.9890806e+00  -5.2559632e+01
   6.9948857e+00  -5.1073049e+01
   8.0006910e+00  -5.0837083e+01
   9.0064961e+00  -4.8996552e+01
   1.0012301e+01  -4.8736990e+01
   1.0984011e+01  -4.8501024e+01
   1.1998340e+01  -4.7226810e+01
   1.3004145e+01  -4.5315489e+01
   1.4006799e+01  -4.5339086e+01
   1.5004080e+01  -4.4064872e+01
   1.6009885e+01  -4.3073816e+01
