   1.3792066e-02  -5.0293797e+01
   1.0166443e+00  -4.9119088e+01
   2.0091578e+00  -4.7686516e+01
   2.9706553e+00  -4.6167991e+01
   3.9838462e+00  -4.5881476e+01
   4.9970371e+00  -4.5021933e+01
   6.0102280e+00  -4.4391602e+01
   7.0027416e+00  -4.3847225e+01
   7.9952552e+00  -4.3044985e+01
   9.0187847e+00  -4.2443305e+01
   1.0031976e+01  -4.0179842e+01
   1.0993473e+01  -3.9377602e+01
   1.2006664e+01  -3.7973682e+01
   1.3009516e+01  -3.8174242e+01
   1.4022707e+01  -3.6884927e+01
   1.4999560e+01  -3.5165842e+01
   1.6033428e+01  -3.4564162e+01
