  -2.0852882e-02  -6.1227280e+01
   1.0106864e+00  -6.0562546e+01
   2.0182364e+00  -5.9764865e+01
   2.9778079e+00  -5.9432498e+01
   3.9853579e+00  -5.8812079e+01
   4.9849114e+00  -5.7216717e+01
   5.9924614e+00  -5.6042353e+01
   7.0000114e+00  -5.5621355e+01
   7.9995648e+00  -5.4668569e+01
   9.0071148e+00  -5.4735043e+01
   1.0014665e+01  -5.3161839e+01
   1.1006222e+01  -5.1876686e+01
   1.2005776e+01  -5.0547218e+01
   1.3013326e+01  -5.0214850e+01
   1.4015091e+01  -4.7223546e+01
   1.5014645e+01  -4.7223546e+01
   1.6030191e+01  -4.4852661e+01
