  -3.7186521e-01  -3.0748404e+01
   6.1562208e-01  -3.0748404e+01
   1.1907729e+00  -3.1852192e+01
   2.3143140e+00  -3.1852192e+01
   3.2650026e+00  -3.1852192e+01
   4.5613962e+00  -3.1852192e+01
   5.4256585e+00  -3.1806164e+01
   6.8084784e+00  -3.0747519e+01
   7.8368111e+00  -3.0741529e+01
   8.9506593e+00  -3.0741529e+01
   9.9053863e+00  -3.1758447e+01
   1.0700992e+01  -3.1822004e+01
   1.1655719e+01  -3.1779633e+01
   1.2371764e+01  -2.9894097e+01
   1.3087810e+01  -3.0783900e+01
   1.3803855e+01  -3.0783900e+01
   1.4201658e+01  -3.1843190e+01
   1.4758582e+01  -3.1843190e+01
   1.5315506e+01  -3.2690622e+01
   1.6190673e+01  -3.1779633e+01
   1.6986278e+01  -3.1779633e+01
   1.7463642e+01  -3.1779633e+01
   1.8577490e+01  -4.9829928e+01
   1.9770899e+01  -4.9829928e+01
   2.0646066e+01  -6.2901562e+01
   2.1123429e+01  -6.2859190e+01
   2.1759914e+01  -6.2880376e+01
   2.2555520e+01  -6.2880376e+01
   2.3351126e+01  -6.2859190e+01
   2.4305853e+01  -6.2859190e+01
   2.5101458e+01  -6.2859190e+01
   2.6056185e+01  -6.2859190e+01
   2.6851791e+01  -6.2859190e+01
   2.7488276e+01  -6.2859190e+01
   2.8283882e+01  -6.2859190e+01
   2.9159048e+01  -6.2859190e+01
   2.9954654e+01  -6.2880376e+01
   3.0670699e+01  -6.2859190e+01
   3.1466305e+01  -6.2859190e+01
   3.2261911e+01  -6.2838004e+01
   3.2898396e+01  -6.2838004e+01
   3.3694002e+01  -6.2859190e+01
   3.4410047e+01  -6.2859190e+01
   3.5126092e+01  -6.2859190e+01
   3.5842137e+01  -6.2859190e+01
   3.6637743e+01  -6.2859190e+01
   3.7035546e+01  -6.2859190e+01
   3.8228955e+01  -6.1905829e+01
   3.8865440e+01  -6.2838004e+01
   3.9661045e+01  -6.2816818e+01
   4.0297530e+01  -6.2816818e+01
   4.0854454e+01  -6.2816818e+01
   4.1490938e+01  -6.2816818e+01
   4.2127423e+01  -6.2816818e+01
   4.2684347e+01  -6.3897294e+01
   4.4036877e+01  -6.3897294e+01
   4.4593801e+01  -6.2816818e+01
   4.5468968e+01  -6.2774447e+01
   4.6185013e+01  -6.2774447e+01
   4.6741937e+01  -6.2774447e+01
   4.7298861e+01  -6.2774447e+01
   4.7855785e+01  -6.2774447e+01
   4.8253588e+01  -6.2774447e+01
   4.9128755e+01  -6.1821086e+01
   4.9924360e+01  -6.1821086e+01
   5.1038209e+01  -6.2774447e+01
   5.1913375e+01  -6.1905829e+01
   5.2708981e+01  -6.3897294e+01
   5.4141071e+01  -6.2859190e+01
   5.5016238e+01  -6.1969387e+01
   5.6289208e+01  -5.9871993e+01
   5.7243935e+01  -6.0867725e+01
   5.7880420e+01  -6.2795632e+01
   5.8596465e+01  -6.2774447e+01
   5.9232950e+01  -6.2795632e+01
   5.9948995e+01  -6.2795632e+01
   6.0585480e+01  -6.2795632e+01
   6.1540207e+01  -6.2795632e+01
   6.2097131e+01  -6.3854922e+01
   6.2654055e+01  -6.6842120e+01
   6.3927024e+01  -7.0867420e+01
   6.4643070e+01  -6.7880224e+01
   6.6154721e+01  -6.6863306e+01
   6.6950327e+01  -6.5761644e+01
   6.7984614e+01  -6.3854924e+01
   6.9098462e+01  -6.3876110e+01
   7.0291871e+01  -5.9829623e+01
   7.1007917e+01  -6.2795634e+01
   7.2280886e+01  -6.1863459e+01
   7.2837810e+01  -5.7774601e+01
   7.3792537e+01  -5.7753415e+01
   7.4667703e+01  -5.7753415e+01
   7.5542870e+01  -5.7753415e+01
   7.6338476e+01  -5.7753415e+01
   7.7293203e+01  -5.7753415e+01
   7.7929687e+01  -5.9787251e+01
   7.9123096e+01  -5.8939820e+01
   8.0157384e+01  -5.9829623e+01
   8.0873429e+01  -6.0761798e+01
   8.1987277e+01  -5.8833891e+01
   8.2782883e+01  -5.8833891e+01
   8.3498928e+01  -5.8791519e+01
   8.4135413e+01  -5.8791519e+01
   8.5010579e+01  -5.8833891e+01
   8.5487943e+01  -5.8833891e+01
   8.5806186e+01  -5.9787252e+01
   8.6999594e+01  -6.0740612e+01
   8.8113443e+01  -5.9808437e+01
   8.8829488e+01  -6.7816668e+01
   8.9704655e+01  -7.2816515e+01
   9.0420701e+01  -7.3812248e+01
   9.1852791e+01  -7.4935095e+01
   9.2568836e+01  -7.3791062e+01
   9.3444003e+01  -7.3769877e+01
   9.4319169e+01  -7.3769877e+01
   9.5114775e+01  -7.3769877e+01
   9.5592139e+01  -7.3748691e+01
   9.6705987e+01  -7.4892724e+01
   9.7740274e+01  -7.1926713e+01
   9.8774562e+01  -7.3791062e+01
   9.9729289e+01  -7.1884341e+01
   1.0060446e+02  -6.8791215e+01
   1.0187743e+02  -6.7816671e+01
   1.0267303e+02  -6.4829474e+01
   1.0354820e+02  -6.5782835e+01
   1.0521897e+02  -6.5782835e+01
   1.0553721e+02  -6.2774451e+01
   1.0696930e+02  -6.2816823e+01
   1.0760579e+02  -5.9744883e+01
   1.0824227e+02  -5.9787254e+01
   1.0911744e+02  -5.9787254e+01
   1.0975392e+02  -5.9744883e+01
   1.1031085e+02  -5.9787254e+01
   1.1094733e+02  -6.0782987e+01
   1.1174294e+02  -5.9808440e+01
   1.1261810e+02  -5.9808440e+01
   1.1373195e+02  -5.9829626e+01
   1.1444800e+02  -5.8833894e+01
   1.1540272e+02  -5.8833894e+01
   1.1651657e+02  -5.8833894e+01
   1.1778954e+02  -6.0677058e+01
   1.1882383e+02  -5.9766069e+01
   1.1961943e+02  -5.8833894e+01
   1.2097196e+02  -5.8876265e+01
   1.2152889e+02  -5.7753418e+01
   1.2240405e+02  -5.7774604e+01
   1.2335878e+02  -5.7774604e+01
   1.2391571e+02  -5.7774604e+01
   1.2439307e+02  -5.8897451e+01
   1.2542736e+02  -5.8897451e+01
   1.2598428e+02  -5.8897451e+01
   1.2646164e+02  -6.0740615e+01
   1.2749593e+02  -5.8918637e+01
   1.2845066e+02  -6.1778719e+01
   1.2964407e+02  -5.9766069e+01
   1.3059879e+02  -5.7795790e+01
   1.3179220e+02  -5.8855079e+01
   1.3234913e+02  -5.9766069e+01
   1.3306517e+02  -5.9744883e+01
   1.3378122e+02  -5.9723697e+01
   1.3441770e+02  -6.0740615e+01
   1.3537243e+02  -5.9766069e+01
   1.3608848e+02  -5.9808440e+01
   1.3752057e+02  -5.8812708e+01
   1.3831617e+02  -5.9766069e+01
   1.3911178e+02  -5.9787254e+01
   1.3982782e+02  -5.9744883e+01
   1.4054387e+02  -5.9744883e+01
   1.4157816e+02  -5.8855079e+01
   1.4237376e+02  -6.1778719e+01
   1.4340805e+02  -5.8855079e+01
   1.4428322e+02  -6.0740615e+01
   1.4499926e+02  -5.9744883e+01
   1.4555618e+02  -5.9744883e+01
   1.4611311e+02  -5.6821243e+01
   1.4682915e+02  -5.9702511e+01
   1.4738608e+02  -6.1757533e+01
   1.4818168e+02  -5.9808440e+01
   1.4937509e+02  -5.6905987e+01
   1.5009114e+02  -6.0719429e+01
   1.5120499e+02  -5.9808440e+01
   1.5215971e+02  -6.0719429e+01
   1.5335312e+02  -6.1821091e+01
   1.5414873e+02  -6.2689708e+01
   1.5534214e+02  -5.9808441e+01
   1.5629686e+02  -6.1778719e+01
   1.5701291e+02  -5.8812709e+01
   1.5820632e+02  -5.8833895e+01
   1.5924061e+02  -5.6842430e+01
   1.6003621e+02  -5.3876419e+01
   1.6115006e+02  -5.5910255e+01
   1.6194567e+02  -5.2838315e+01
   1.6305951e+02  -4.9003687e+01
   1.6385512e+02  -4.8029140e+01
   1.6512809e+02  -6.6799750e+01
   1.6608282e+02  -6.7753110e+01
   1.6711710e+02  -6.4850657e+01
   1.6783315e+02  -5.9766065e+01
   1.6910612e+02  -5.8855076e+01
   1.6998128e+02  -6.0740611e+01
   1.7117469e+02  -6.3770179e+01
   1.7189074e+02  -6.4744725e+01
   1.7324327e+02  -6.8770026e+01
   1.7372063e+02  -6.1778713e+01
   1.7451624e+02  -6.1778713e+01
   1.7515272e+02  -6.1757527e+01
   1.7578921e+02  -6.1757527e+01
   1.7642569e+02  -6.1757527e+01
   1.7722130e+02  -6.1757527e+01
   1.7817602e+02  -6.1757527e+01
   1.7881251e+02  -6.2753260e+01
   1.7960811e+02  -6.2753260e+01
   1.8040372e+02  -6.2753260e+01
   1.8104020e+02  -6.2753260e+01
   1.8183581e+02  -6.2753260e+01
   1.8255186e+02  -6.2753260e+01
   1.8326790e+02  -6.2753260e+01
   1.8414307e+02  -6.2753260e+01
   1.8493867e+02  -6.2753260e+01
   1.8549560e+02  -6.2753260e+01
   1.8621164e+02  -6.2753260e+01
   1.8700725e+02  -6.1821085e+01
   1.8796198e+02  -6.2795631e+01
   1.8899626e+02  -6.1757527e+01
   1.8971231e+02  -6.1757527e+01
   1.9098528e+02  -6.2795631e+01
   1.9186044e+02  -6.1821085e+01
   1.9297429e+02  -6.1799899e+01
   1.9376990e+02  -6.3833735e+01
   1.9496331e+02  -6.2943932e+01
   1.9615672e+02  -6.3833735e+01
   1.9703188e+02  -6.2816817e+01
   1.9774793e+02  -6.1863456e+01
   1.9854353e+02  -6.1863456e+01
   1.9933914e+02  -6.1863456e+01
   1.9997562e+02  -6.2838003e+01
   2.0116903e+02  -6.1863456e+01
   2.0212375e+02  -6.1863456e+01
   2.0276024e+02  -6.2795631e+01
   2.0355584e+02  -6.2795631e+01
   2.0451057e+02  -6.2795631e+01
   2.0530618e+02  -6.2795631e+01
   2.0626090e+02  -6.2795631e+01
   2.0689739e+02  -6.2795631e+01
   2.0745431e+02  -6.2753259e+01
   2.0793168e+02  -6.1927014e+01
   2.0904552e+02  -6.2859188e+01
   2.1000025e+02  -6.1821085e+01
   2.1111410e+02  -6.1821085e+01
   2.1183014e+02  -6.2816817e+01
   2.1262575e+02  -6.2816817e+01
   2.1350092e+02  -6.2859188e+01
   2.1421696e+02  -6.2859188e+01
   2.1501257e+02  -6.1927014e+01
   2.1572861e+02  -6.2816817e+01
   2.1628554e+02  -6.2816817e+01
   2.1692202e+02  -6.2816817e+01
   2.1787675e+02  -6.1884642e+01
   2.1907016e+02  -6.1863456e+01
   2.1986576e+02  -6.2859188e+01
   2.2074093e+02  -6.2859188e+01
   2.2137741e+02  -6.2859188e+01
   2.2217302e+02  -6.2859188e+01
   2.2288907e+02  -6.2859188e+01
   2.2400291e+02  -6.1990571e+01
   2.2519632e+02  -6.3854921e+01
   2.2631017e+02  -6.2774445e+01
   2.2742402e+02  -6.2816817e+01
   2.2806050e+02  -6.1969385e+01
   2.2925391e+02  -6.2859188e+01
