   2.9828534e-01  -3.0745116e+01
   9.8135317e-01  -3.0745116e+01
   1.7403174e+00  -3.0745116e+01
   2.4233853e+00  -3.0745116e+01
   3.2582460e+00  -3.0745116e+01
   3.9413138e+00  -3.0745116e+01
   5.4592423e+00  -2.9813694e+01
   6.1423101e+00  -3.1818275e+01
   7.5084458e+00  -3.1777779e+01
   8.1915136e+00  -3.0745116e+01
   9.1022708e+00  -3.0745116e+01
   9.8612350e+00  -3.0745116e+01
   1.0544303e+01  -3.0745116e+01
   1.1455060e+01  -3.0745116e+01
   1.2062231e+01  -3.0745116e+01
   1.3504263e+01  -3.1818275e+01
   1.4415021e+01  -3.0745116e+01
   1.5553467e+01  -3.1818275e+01
   1.6464224e+01  -3.0745116e+01
   1.6995499e+01  -3.0745116e+01
   1.7678567e+01  -3.0745116e+01
   1.8437531e+01  -3.0745116e+01
   1.9044703e+01  -3.0745116e+01
   1.9727770e+01  -3.0745116e+01
   2.0562631e+01  -3.0745116e+01
   2.1397492e+01  -3.0745116e+01
   2.2004663e+01  -3.0745116e+01
   2.2687731e+01  -3.0745116e+01
   2.3294902e+01  -3.0745116e+01
   2.4433348e+01  -3.1818275e+01
   2.5647691e+01  -3.0745116e+01
   2.6330759e+01  -3.0745116e+01
   2.7089723e+01  -3.0745116e+01
   2.7696895e+01  -3.0745116e+01
   2.8304066e+01  -3.0745116e+01
   2.9594305e+01  -3.1818275e+01
   3.0580959e+01  -3.0785612e+01
   3.1415820e+01  -3.0765364e+01
   3.2250680e+01  -3.0765364e+01
   3.3085541e+01  -3.0765364e+01
   3.3920402e+01  -3.0765364e+01
   3.4755262e+01  -3.0785612e+01
   3.5362434e+01  -3.0785612e+01
   3.5893709e+01  -3.0765364e+01
   3.6424984e+01  -3.0745116e+01
   3.7715223e+01  -3.1838523e+01
   3.8550084e+01  -3.0785612e+01
   3.9384945e+01  -3.0805861e+01
   4.0371599e+01  -3.0785612e+01
   4.1813631e+01  -2.9854191e+01
   4.2724388e+01  -3.0805861e+01
   4.3862834e+01  -2.9854191e+01
   4.4545902e+01  -3.1899269e+01
   4.5304866e+01  -3.1899269e+01
   4.6367416e+01  -3.1919517e+01
   4.6822795e+01  -3.1919517e+01
   4.7657655e+01  -3.2850938e+01
   4.8416620e+01  -3.2850938e+01
   4.9858652e+01  -3.0846357e+01
   5.0617616e+01  -2.7809113e+01
   5.2059648e+01  -3.9998585e+01
   5.3273991e+01  -5.3990155e+01
   5.4412437e+01  -5.0932663e+01
   5.5247298e+01  -5.9862159e+01
   5.6537537e+01  -5.8890241e+01
   5.7296502e+01  -5.7877827e+01
   5.8359052e+01  -5.6926157e+01
   5.9118016e+01  -5.2856251e+01
   6.0408255e+01  -4.8907834e+01
   6.1167219e+01  -5.5913743e+01
   6.2305665e+01  -5.3929410e+01
   6.2988733e+01  -6.2818411e+01
   6.4354869e+01  -5.0932666e+01
   6.5189729e+01  -5.4820338e+01
   6.6252279e+01  -5.5893497e+01
   6.7238933e+01  -5.4901331e+01
   6.8301483e+01  -5.3929413e+01
   6.9364033e+01  -5.3929413e+01
   7.0350685e+01  -5.5954242e+01
   7.1337339e+01  -5.5913745e+01
   7.2248096e+01  -5.2896750e+01
   7.3234750e+01  -5.4840586e+01
   7.4524989e+01  -5.3929413e+01
   7.5283953e+01  -5.4881083e+01
   7.6422399e+01  -5.4881083e+01
   7.7105467e+01  -5.3929413e+01
   7.8395706e+01  -5.4921579e+01
   7.9382360e+01  -5.3929413e+01
   8.0217221e+01  -5.2876502e+01
   8.1203874e+01  -5.2876502e+01
   8.2342321e+01  -5.4921579e+01
   8.3253078e+01  -5.4921579e+01
   8.4239731e+01  -5.3929413e+01
   8.4922799e+01  -5.3929413e+01
   8.6213038e+01  -5.2815757e+01
   8.7047899e+01  -5.2836005e+01
   8.7579174e+01  -5.2836005e+01
   8.8110449e+01  -5.2836005e+01
   8.9021208e+01  -5.3888916e+01
   8.9628380e+01  -5.3929413e+01
   9.0311448e+01  -5.3929413e+01
   9.1070412e+01  -5.2856253e+01
   9.2284755e+01  -5.3929413e+01
   9.3119615e+01  -5.2876501e+01
   9.4258062e+01  -5.4860834e+01
   9.5092922e+01  -5.5954242e+01
   9.6155472e+01  -5.2856253e+01
   9.7142126e+01  -5.4860834e+01
   9.8280572e+01  -5.3888916e+01
   9.9115433e+01  -5.4921579e+01
   1.0010209e+02  -5.3868668e+01
   1.0108874e+02  -5.5954242e+01
   1.0215129e+02  -5.4860834e+01
   1.0283436e+02  -5.4860834e+01
   1.0404870e+02  -5.5913745e+01
   1.0480766e+02  -5.5913745e+01
   1.0526304e+02  -5.5913745e+01
   1.0617380e+02  -5.4881082e+01
   1.0693277e+02  -5.3909164e+01
   1.0829890e+02  -5.4860834e+01
   1.0898197e+02  -5.3888916e+01
   1.0996862e+02  -5.2856253e+01
   1.1095528e+02  -5.1945080e+01
   1.1216962e+02  -5.2856253e+01
   1.1277679e+02  -5.6905912e+01
   1.1414293e+02  -5.6865415e+01
   1.1467420e+02  -5.3909164e+01
   1.1550906e+02  -5.3909164e+01
   1.1611623e+02  -5.3888916e+01
   1.1672341e+02  -5.2856253e+01
   1.1748237e+02  -5.2856253e+01
   1.1801364e+02  -5.2856253e+01
   1.1877261e+02  -5.4881083e+01
   1.1960747e+02  -5.4881083e+01
   1.2067002e+02  -5.5913746e+01
   1.2120130e+02  -5.5913746e+01
   1.2196026e+02  -5.5913746e+01
   1.2271923e+02  -5.4881083e+01
   1.2385767e+02  -5.3929413e+01
   1.2461664e+02  -5.4820338e+01
   1.2590688e+02  -5.6804670e+01
   1.2658994e+02  -5.2876502e+01
   1.2772839e+02  -5.7837333e+01
   1.2856325e+02  -6.1826247e+01
   1.2977759e+02  -5.0973163e+01
   1.3046066e+02  -5.2896750e+01
   1.3167500e+02  -5.0912418e+01
   1.3250987e+02  -5.0892169e+01
   1.3357242e+02  -5.2876502e+01
   1.3417959e+02  -5.2876502e+01
   1.3440728e+02  -5.0952914e+01
   1.3562162e+02  -5.8890245e+01
   1.3645648e+02  -5.6865415e+01
   1.3751903e+02  -5.3909165e+01
   1.3827799e+02  -5.2856254e+01
   1.3941644e+02  -5.1904584e+01
   1.4040309e+02  -5.3949661e+01
   1.4146564e+02  -5.8869996e+01
   1.4245230e+02  -5.5933994e+01
   1.4351485e+02  -5.1924832e+01
   1.4434971e+02  -5.9781169e+01
   1.4563995e+02  -5.9821666e+01
   1.4624712e+02  -5.8890245e+01
   1.4738557e+02  -5.4860834e+01
   1.4822043e+02  -5.1924831e+01
   1.4935887e+02  -5.0993410e+01
   1.5019374e+02  -4.8968581e+01
   1.5140808e+02  -4.8968581e+01
   1.5239473e+02  -3.3012926e+01
   1.5368497e+02  -2.7950853e+01
   1.5451983e+02  -2.9003764e+01
   1.5543059e+02  -3.3033174e+01
   1.5634135e+02  -3.0947600e+01
   1.5747979e+02  -3.2041008e+01
   1.5831465e+02  -3.0947600e+01
   1.5907362e+02  -3.0927352e+01
   1.5983258e+02  -3.0927352e+01
   1.6043975e+02  -3.0927352e+01
   1.6135051e+02  -3.2061256e+01
   1.6218537e+02  -3.2020760e+01
   1.6355151e+02  -3.0988097e+01
   1.6400689e+02  -3.2000511e+01
   1.6468995e+02  -3.2020760e+01
   1.6537302e+02  -3.0967848e+01
   1.6628378e+02  -3.2061256e+01
   1.6742223e+02  -3.0988097e+01
   1.6818119e+02  -3.0988097e+01
   1.6947143e+02  -3.2061256e+01
   1.7023039e+02  -3.0967848e+01
   1.7114115e+02  -3.1008345e+01
   1.7152063e+02  -3.1008345e+01
   1.7212780e+02  -3.2061256e+01
   1.7334215e+02  -3.2020760e+01
   1.7387342e+02  -5.1945078e+01
   1.7539135e+02  -3.2061252e+01
   1.7599852e+02  -3.0967844e+01
   1.7660569e+02  -3.0967844e+01
   1.7744056e+02  -3.0967844e+01
   1.7819952e+02  -3.2061252e+01
   1.7918617e+02  -3.0967844e+01
   1.8002103e+02  -3.0967844e+01
   1.8078000e+02  -3.0947596e+01
   1.8161486e+02  -3.0947596e+01
   1.8214613e+02  -3.0947596e+01
   1.8328458e+02  -3.2000507e+01
   1.8411944e+02  -3.0967844e+01
   1.8525789e+02  -3.2020756e+01
   1.8578916e+02  -3.2000507e+01
   1.8669992e+02  -3.2020756e+01
   1.8761068e+02  -3.2020756e+01
   1.8799016e+02  -3.2020756e+01
   1.8905271e+02  -3.0947596e+01
   1.8981167e+02  -3.0947596e+01
   1.9072243e+02  -3.0988093e+01
   1.9117781e+02  -3.0947596e+01
   1.9216446e+02  -3.2020756e+01
   1.9330291e+02  -3.0947596e+01
   1.9421366e+02  -3.0947596e+01
   1.9489673e+02  -3.0947596e+01
   1.9550390e+02  -3.0947596e+01
   1.9603518e+02  -3.0947596e+01
   1.9717362e+02  -3.2992674e+01
   1.9823617e+02  -2.7950849e+01
   1.9929872e+02  -2.9024008e+01
   2.0013358e+02  -3.2992674e+01
   2.0134793e+02  -3.0927348e+01
   2.0233458e+02  -3.2000507e+01
   2.0332124e+02  -3.0927348e+01
   2.0408020e+02  -3.0907099e+01
   2.0499096e+02  -3.0907099e+01
   2.0544634e+02  -3.0907099e+01
   2.0612940e+02  -3.2000507e+01
   2.0681247e+02  -3.2000507e+01
   2.0757144e+02  -3.2041004e+01
   2.0825451e+02  -3.0947596e+01
   2.0924116e+02  -3.2041004e+01
   2.1022781e+02  -3.0927348e+01
   2.1136626e+02  -3.2000507e+01
   2.1220112e+02  -3.0927348e+01
   2.1326367e+02  -3.0927348e+01
   2.1425032e+02  -3.2000507e+01
   2.1523698e+02  -3.0947596e+01
   2.1614773e+02  -3.0947596e+01
   2.1743797e+02  -3.1960011e+01
   2.1796925e+02  -3.1939762e+01
   2.1903180e+02  -5.1965324e+01
   2.2009435e+02  -3.2000507e+01
   2.2115690e+02  -3.0927347e+01
   2.2214355e+02  -3.0927347e+01
   2.2328200e+02  -3.2000507e+01
   2.2426865e+02  -3.0907099e+01
   2.2510351e+02  -3.0907099e+01
   2.2616606e+02  -3.0907099e+01
   2.2722861e+02  -3.0907099e+01
   2.2806347e+02  -3.2000507e+01
   2.2935371e+02  -3.0907099e+01
