采样点（周期200ms） transmit power(dbm)
  -1.3685113e-01   1.9914758e+01
   3.1312843e-01   1.9908365e+01
   6.9205859e-01   1.9908365e+01
   1.0473056e+00   1.9914758e+01
   1.4262358e+00   1.9908365e+01
   1.8525322e+00   1.9914758e+01
   2.3025118e+00   1.9914758e+01
   2.7288082e+00   1.9908365e+01
   3.1551046e+00   1.9908365e+01
   3.5340348e+00   1.9908365e+01
   4.1024300e+00   1.9914758e+01
   4.6471421e+00   1.9914758e+01
   5.1918542e+00   1.9914758e+01
   5.6655169e+00   1.9921150e+01
   6.2575953e+00   1.9921150e+01
   6.6838917e+00   1.9914758e+01
   7.2286038e+00   1.9914758e+01
   7.7969990e+00   1.9914758e+01
   8.3417111e+00   1.9921150e+01
   8.8864232e+00   1.9914758e+01
   9.4785016e+00   1.9908365e+01
   1.0070580e+01   1.9914758e+01
   1.0804757e+01   1.9914758e+01
   1.1231054e+01   1.9914758e+01
   1.1752083e+01   1.9914758e+01
   1.2249428e+01   1.9914758e+01
   1.2865190e+01   1.9895580e+01
   1.3409902e+01   1.9895580e+01
   1.3930931e+01   1.9908365e+01
   1.4451960e+01   1.9882795e+01
   1.5044039e+01   1.9882795e+01
   1.5541384e+01   1.9882795e+01
   1.6038730e+01   1.9882795e+01
   1.7720233e+01   2.0153968e+00
   1.8146530e+01   2.0153968e+00
   1.8596509e+01   2.0153968e+00
   1.9141221e+01   1.9962189e+00
   1.9614884e+01   1.9962189e+00
   2.0088547e+01   2.0026115e+00
   2.0491160e+01   2.0153968e+00
   2.0870090e+01   2.0153968e+00
   2.1343753e+01   2.0153968e+00
   2.1793732e+01   2.0153968e+00
   2.2362128e+01   2.0153968e+00
   2.2812107e+01   2.0153968e+00
   2.3285770e+01   2.0153968e+00
   2.3735749e+01   2.0153968e+00
   2.4375194e+01   2.0153968e+00
   2.4990955e+01   2.0153968e+00
   2.5346203e+01   2.0153968e+00
   2.5796182e+01   2.0345747e+00
   2.6293528e+01   2.0281820e+00
   2.6743507e+01   2.0281820e+00
   2.7051388e+01   2.0281820e+00
   2.7596102e+01   2.0217894e+00
   2.8046081e+01   2.0217894e+00
   2.8448695e+01   2.0217894e+00
   2.8827625e+01   2.0217894e+00
   3.0011782e+01   1.0971469e+01
   3.0390712e+01   1.0971469e+01
   3.0793325e+01   1.0971469e+01
   3.1219621e+01   1.0971469e+01
   3.1622235e+01   1.0958683e+01
   3.2048531e+01   1.0958683e+01
   3.2356412e+01   1.0958683e+01
   3.2640610e+01   1.0958683e+01
   3.2924807e+01   1.0958683e+01
   3.3351104e+01   1.0965076e+01
   3.3682668e+01   1.0965076e+01
   3.4156330e+01   1.0945898e+01
   3.4558944e+01   1.0945898e+01
   3.5008923e+01   1.0952291e+01
   3.5553635e+01   1.0958683e+01
   3.6098347e+01   1.0958683e+01
   3.6524644e+01   1.0971469e+01
   3.7093039e+01   1.0965076e+01
   3.7661434e+01   1.0958683e+01
   3.8206146e+01   1.0965076e+01
   3.8727175e+01   1.0971469e+01
   3.9319254e+01   1.0971469e+01
   3.9958698e+01   1.0971469e+01
   4.0527095e+01   1.0958683e+01
   4.1095490e+01   1.0984254e+01
   4.1569153e+01   1.0971469e+01
   4.2279647e+01   1.0971469e+01
   4.2919092e+01   1.0984254e+01
   4.3605903e+01   1.0971469e+01
   4.4174298e+01   1.0971469e+01
   4.4861109e+01   1.0971469e+01
   4.5642652e+01   1.0971469e+01
   4.6234731e+01   1.0971469e+01
   4.6826809e+01   1.0984254e+01
   4.7726768e+01   1.0971469e+01
   4.8247797e+01   1.0971469e+01
   4.8745143e+01   1.0971469e+01
   4.9905615e+01   1.0958683e+01
   5.0474011e+01   1.0958683e+01
   5.1042406e+01   1.0958683e+01
   5.1563435e+01   1.0977861e+01
   5.2131830e+01   1.0958683e+01
   5.2889690e+01   1.0945898e+01
   5.3931748e+01   1.0958683e+01
   5.4736975e+01   1.0971469e+01
   5.5258004e+01   1.0945898e+01
   5.5684300e+01   1.0971469e+01
   5.6252696e+01   1.0971469e+01
   5.6702675e+01   1.0958683e+01
   5.7271070e+01   1.0958683e+01
   5.7744733e+01   1.0958683e+01
   5.8289445e+01   1.0958683e+01
   5.8810474e+01   1.0958683e+01
   5.9378871e+01   1.0958683e+01
   5.9947266e+01   1.0971469e+01
   6.0515661e+01   1.0971469e+01
   6.0941958e+01   1.0971469e+01
   6.1534036e+01   1.0952291e+01
   6.2055065e+01   1.0958683e+01
   6.2812925e+01   1.0952291e+01
   6.3262905e+01   1.0965076e+01
   6.3807617e+01   1.0965076e+01
   6.4304963e+01   1.0965076e+01
   6.4731259e+01   1.0971469e+01
   6.5228605e+01   1.0958683e+01
   6.5702268e+01   1.0958683e+01
   6.6128564e+01   1.0971469e+01
   6.6531178e+01   1.0971469e+01
   6.7146939e+01   1.0965076e+01
   6.7644285e+01   1.0971469e+01
   6.8165314e+01   1.0971469e+01
   6.8638977e+01   1.0971469e+01
   6.9160006e+01   1.0971469e+01
   6.9681035e+01   1.0971469e+01
   7.0202064e+01   1.0971469e+01
   7.0770459e+01   1.0984254e+01
   7.1338854e+01   1.0984254e+01
   7.1765150e+01   1.0984254e+01
   7.2262496e+01   1.0971469e+01
   7.2830891e+01   1.0984254e+01
   7.3280867e+01   1.0971469e+01
   7.3730847e+01   1.0971469e+01
   7.4228193e+01   1.0984254e+01
   7.4630806e+01   1.0971469e+01
   7.5222884e+01   1.0971469e+01
   7.5696547e+01   1.0971469e+01
   7.6122844e+01   1.0971469e+01
   7.6620189e+01   1.0965076e+01
   7.7235951e+01   1.0952291e+01
   7.7733297e+01   1.0952291e+01
   7.8349058e+01   1.0952291e+01
   7.8775355e+01   1.0952291e+01
   7.9225334e+01   1.0952291e+01
   7.9746363e+01   1.0952291e+01
   8.0220027e+01   1.0945898e+01
   8.0741056e+01   1.0952291e+01
   8.1309451e+01   1.0952291e+01
   8.1806797e+01   1.0952291e+01
   8.2304143e+01   1.0952291e+01
   8.2754123e+01   1.0952291e+01
   8.3204102e+01   1.0952291e+01
   8.3535666e+01   1.0933113e+01
   8.3985646e+01   1.0958683e+01
   8.4530358e+01   1.0958683e+01
   8.5051387e+01   1.0958683e+01
   8.5525049e+01   1.0958683e+01
   8.6046078e+01   1.0958683e+01
   8.6472375e+01   1.0958683e+01
   8.6946037e+01   1.0952291e+01
   8.7609165e+01   1.0965076e+01
   8.8130194e+01   1.0965076e+01
   8.8556491e+01   1.0977861e+01
   8.9124886e+01   1.0977861e+01
   8.9740647e+01   1.0977861e+01
   9.0261678e+01   1.0971469e+01
   9.0806390e+01   1.0977861e+01
   9.1303736e+01   1.0971469e+01
   9.1730032e+01   1.0971469e+01
   9.2274744e+01   1.0977861e+01
   9.2724724e+01   1.0977861e+01
   9.3293119e+01   1.0977861e+01
   9.3979930e+01   1.0945898e+01
   9.4572008e+01   1.0971469e+01
   9.5590383e+01   1.0971469e+01
   9.6064046e+01   1.0971469e+01
   9.6490342e+01   1.0971469e+01
   9.7035054e+01   1.0971469e+01
   9.7437668e+01   1.0971469e+01
   9.8006063e+01   1.0971469e+01
   9.8432359e+01   1.0971469e+01
   9.9095487e+01   1.0965076e+01
   9.9758615e+01   1.0977861e+01
   1.0020859e+02   1.0977861e+01
   1.0070594e+02   1.0977861e+01
   1.0115592e+02   1.0971469e+01
   1.0174800e+02   1.0990647e+01
   1.0217429e+02   1.0990647e+01
   1.0274269e+02   1.0965076e+01
   1.0331108e+02   1.0965076e+01
   1.0371369e+02   1.0965076e+01
   1.0416367e+02   1.0958683e+01
   1.0468470e+02   1.0965076e+01
   1.0511100e+02   1.0971469e+01
   1.0567939e+02   1.0971469e+01
   1.0615306e+02   1.0971469e+01
   1.0662672e+02   1.0971469e+01
   1.0717143e+02   1.0965076e+01
   1.0764510e+02   1.0965076e+01
   1.0814244e+02   1.0971469e+01
   1.0892398e+02   1.0971469e+01
   1.0949238e+02   1.0958683e+01
   1.1010814e+02   1.0965076e+01
   1.1065285e+02   1.0971469e+01
   1.1124493e+02   1.0971469e+01
   1.1195543e+02   1.0971469e+01
   1.1252382e+02   1.0971469e+01
   1.1302117e+02   1.0984254e+01
   1.1363693e+02   1.0971469e+01
   1.1411059e+02   1.0958683e+01
   1.1456057e+02   1.0958683e+01
   1.1503423e+02   1.0958683e+01
   1.1557894e+02   1.0945898e+01
   1.1619470e+02   1.0939506e+01
   1.1669205e+02   1.0945898e+01
   1.1721308e+02   1.0958684e+01
   1.1768674e+02   1.0945898e+01
   1.1823145e+02   1.0939506e+01
   1.1884721e+02   1.0939506e+01
   1.1934456e+02   1.0945898e+01
   1.1981822e+02   1.0945898e+01
   1.2031557e+02   1.0945898e+01
   1.2074186e+02   1.0958684e+01
   1.2128658e+02   1.0945898e+01
   1.2183129e+02   1.0945898e+01
   1.2256547e+02   1.0933113e+01
   1.2311018e+02   1.0933113e+01
   1.2367857e+02   1.0933113e+01
   1.2412855e+02   1.0933113e+01
   1.2488641e+02   1.0933113e+01
   1.2547849e+02   1.0939506e+01
   1.2597584e+02   1.0933113e+01
   1.2649687e+02   1.0933113e+01
   1.2689948e+02   1.0933113e+01
   1.2742051e+02   1.0933113e+01
   1.2784681e+02   1.0933113e+01
