采样点（周期200ms） transmit power(dbm)
  -8.8595664e-01   1.9904385e+01
  -5.5754851e-01   1.9904385e+01
  -1.2809171e-01   1.9904385e+01
   3.2662725e-01   1.9904385e+01
   7.0555971e-01   1.9904385e+01
   1.0844922e+00   1.9918019e+01
   1.4129003e+00   1.9890751e+01
   1.7413085e+00   1.9877117e+01
   2.1455031e+00   1.9877117e+01
   2.5749599e+00   1.9877117e+01
   2.9286302e+00   1.9877117e+01
   3.3580870e+00   1.9870300e+01
   3.7117573e+00   1.9863483e+01
   4.1917384e+00   1.9863483e+01
   4.6717195e+00   1.9863483e+01
   5.1769628e+00   1.9863483e+01
   5.4801088e+00   1.9870300e+01
   5.8843034e+00   1.9877117e+01
   6.3137602e+00   1.9877117e+01
   6.8190035e+00   1.9877117e+01
   7.2989846e+00   1.9877117e+01
   7.8042279e+00   1.9904385e+01
   8.2084225e+00   1.9890751e+01
   8.6631415e+00   1.9890751e+01
   9.2189091e+00   1.9877117e+01
   9.7494146e+00   1.9877117e+01
   1.0204134e+01   1.9877117e+01
   1.0709377e+01   1.9877117e+01
   1.1214620e+01   1.9890751e+01
   1.1719863e+01   1.9904385e+01
   1.2124058e+01   1.9904385e+01
   1.2528253e+01   1.9904385e+01
   1.2982972e+01   1.9890751e+01
   1.3513477e+01   1.9890751e+01
   1.4043982e+01   1.9890751e+01
   1.4549226e+01   1.9890751e+01
   1.5079731e+01   1.9890751e+01
   1.5509188e+01   1.9890751e+01
   1.5989169e+01   1.9890751e+01
   1.7656472e+01   2.0031254e+00
   1.8262764e+01   2.0167593e+00
   1.8717483e+01   2.0167593e+00
   1.9121678e+01   2.0099423e+00
   1.9702708e+01   2.0167593e+00
   2.0309000e+01   2.0167593e+00
   2.0763719e+01   2.0167593e+00
   2.1319486e+01   2.0167593e+00
   2.1748943e+01   2.0167593e+00
   2.2329973e+01   2.0235762e+00
   2.2734167e+01   2.0372101e+00
   2.3264672e+01   2.0372100e+00
   2.3694129e+01   2.0303931e+00
   2.4022537e+01   2.0372100e+00
   2.4477256e+01   2.0303931e+00
   2.4982500e+01   2.0303931e+00
   2.5411956e+01   2.0303931e+00
   2.5967724e+01   2.0167592e+00
   2.6346656e+01   2.0167592e+00
   2.6851900e+01   2.0099423e+00
   2.7483454e+01   2.0099423e+00
   2.7963435e+01   2.0031254e+00
   2.8493940e+01   2.0031254e+00
   2.8771824e+01   2.0099423e+00
   2.9883359e+01   1.0974206e+01
   3.0312816e+01   1.0953755e+01
   3.0691749e+01   1.0953755e+01
   3.1121206e+01   1.0953755e+01
   3.1550662e+01   1.0953755e+01
   3.2005381e+01   1.0953755e+01
   3.2510625e+01   1.0926488e+01
   3.3066392e+01   1.0940121e+01
   3.3470587e+01   1.0953755e+01
   3.3925306e+01   1.0940121e+01
   3.4430549e+01   1.0960572e+01
   3.5062103e+01   1.0953755e+01
   3.5466298e+01   1.0953755e+01
   3.5819968e+01   1.0953755e+01
   3.6224163e+01   1.0953755e+01
   3.6704144e+01   1.0940121e+01
   3.7209387e+01   1.0940121e+01
   3.7664106e+01   1.0953755e+01
   3.8017776e+01   1.0960572e+01
   3.8447233e+01   1.0967389e+01
   3.8927214e+01   1.0967389e+01
   3.9356672e+01   1.0953755e+01
   3.9962964e+01   1.0953755e+01
   4.1226072e+01   8.0565597e+00
   4.1731316e+01   8.0565597e+00
   4.2211297e+01   8.0633767e+00
   4.2666016e+01   8.0633767e+00
   4.3145997e+01   8.0633767e+00
   4.3550192e+01   8.0701936e+00
   4.4105959e+01   8.0701936e+00
   4.4484892e+01   8.0701936e+00
   4.4939611e+01   8.0565597e+00
   4.5293281e+01   8.0565597e+00
   4.5621689e+01   8.0565597e+00
   4.6076408e+01   8.0565597e+00
   4.6455340e+01   8.0565597e+00
   4.6884797e+01   8.0565597e+00
   4.7288992e+01   8.0633767e+00
   4.7743711e+01   8.0633767e+00
   4.8274216e+01   8.0701936e+00
   4.8728935e+01   8.0633767e+00
   4.9183654e+01   8.0633767e+00
   4.9587849e+01   8.0633767e+00
   4.9966781e+01   8.0633767e+00
   5.0396237e+01   8.0633767e+00
   5.0775170e+01   8.0633767e+00
   5.1255151e+01   8.0565598e+00
   5.1810919e+01   8.0565598e+00
   5.2745619e+01   5.0366595e+00
   5.3175075e+01   5.0366595e+00
   5.3655056e+01   5.0366595e+00
   5.4135038e+01   5.0366595e+00
   5.4438184e+01   5.0502934e+00
   5.4791854e+01   5.0502934e+00
   5.5196048e+01   5.0366595e+00
   5.5777078e+01   5.0298426e+00
   5.6408632e+01   5.0298426e+00
   5.6888614e+01   5.0298426e+00
   5.7242284e+01   5.0298426e+00
   5.7646478e+01   5.0366595e+00
   5.8101197e+01   5.0366595e+00
   5.8530654e+01   5.0366595e+00
   5.9061160e+01   5.0366595e+00
   5.9667452e+01   5.0366595e+00
   6.0096908e+01   5.0366595e+00
   6.0551627e+01   5.0502934e+00
   6.1183181e+01   5.0366595e+00
   6.1587376e+01   5.0298426e+00
   6.2092619e+01   5.0230256e+00
   6.2547338e+01   5.0162087e+00
   6.2875746e+01   5.0093918e+00
   6.3734657e+01   8.0497428e+00
   6.4189376e+01   8.0565598e+00
   6.4644095e+01   8.0565598e+00
   6.5098814e+01   8.0565598e+00
   6.5578795e+01   8.0429259e+00
   6.6058776e+01   8.0497428e+00
   6.6690330e+01   8.0497428e+00
   6.7094525e+01   8.0497428e+00
   6.7473457e+01   8.0497428e+00
   6.7953438e+01   8.0497428e+00
   6.8408157e+01   8.0497428e+00
   6.8938663e+01   8.0497428e+00
   6.9317595e+01   8.0497428e+00
   6.9696528e+01   8.0497428e+00
   7.0302819e+01   8.0565598e+00
   7.0858587e+01   8.0565598e+00
   7.1389093e+01   8.0565598e+00
   7.1869074e+01   8.0565598e+00
   7.2424841e+01   8.0565598e+00
   7.3081658e+01   8.0565598e+00
   7.3662687e+01   8.0565598e+00
   7.4268979e+01   8.0565598e+00
   7.5026844e+01   8.0701936e+00
   7.5557350e+01   8.0701936e+00
   7.6163643e+01   8.0633767e+00
   7.6820459e+01   8.0633767e+00
   7.7275178e+01   8.0701936e+00
   7.7729897e+01   8.0701936e+00
   7.8386713e+01   8.0633767e+00
   7.8967743e+01   8.0701936e+00
   7.9548773e+01   8.0701936e+00
   8.0256114e+01   8.0701936e+00
   8.0786619e+01   8.0633767e+00
   8.1266600e+01   8.0633767e+00
   8.1771843e+01   8.0633767e+00
   8.2277087e+01   8.0565598e+00
   8.2858116e+01   8.0565598e+00
   8.3565457e+01   8.0701936e+00
   8.4070700e+01   8.0701936e+00
   8.4575946e+01   8.0565598e+00
   8.5005402e+01   8.0565598e+00
   8.5485384e+01   8.0770106e+00
   8.5940103e+01   8.0565598e+00
   8.6495870e+01   8.0429259e+00
   8.6874803e+01   8.0429259e+00
   8.7354784e+01   8.0565598e+00
   8.8011600e+01   8.0429259e+00
   8.8441057e+01   8.0429259e+00
   8.8870514e+01   8.0429259e+00
   8.9325233e+01   8.0429259e+00
   8.9779952e+01   8.0429259e+00
   9.0133622e+01   8.0429259e+00
   9.0588341e+01   8.0429259e+00
   9.1169371e+01   8.0292921e+00
   9.1674614e+01   8.0292921e+00
   9.2230381e+01   8.0292921e+00
   9.2786149e+01   8.0088413e+00
   9.3442965e+01   8.0088413e+00
   9.4301879e+01   8.0361090e+00
   9.4958695e+01   8.0292921e+00
   9.5615512e+01   8.0292921e+00
   9.6247066e+01   8.0224751e+00
   9.6853354e+01   8.0088413e+00
   9.7383860e+01   8.0088413e+00
   9.7914365e+01   8.0088413e+00
   9.8394346e+01   8.0088413e+00
   9.8899589e+01   8.0088413e+00
   9.9329046e+01   8.0088413e+00
   9.9859552e+01   8.0088413e+00
   1.0031427e+02   8.0088413e+00
   1.0079425e+02   7.9952074e+00
   1.0127423e+02   7.9952074e+00
   1.0185526e+02   7.9952074e+00
   1.0236051e+02   7.9952074e+00
   1.0294154e+02   7.9883905e+00
   1.0357309e+02   7.9883905e+00
   1.0417938e+02   7.9952074e+00
   1.0476041e+02   7.9952074e+00
   1.0546775e+02   7.9952074e+00
   1.0597300e+02   7.9952074e+00
   1.0655403e+02   7.9952074e+00
   1.0708453e+02   7.9952074e+00
   1.0766556e+02   7.9952074e+00
   1.0814554e+02   7.9952074e+00
   1.0867605e+02   7.9952074e+00
   1.0920655e+02   7.9952074e+00
   1.0991389e+02   7.9952074e+00
   1.1049493e+02   7.9952074e+00
   1.1107595e+02   8.0088413e+00
   1.1158120e+02   8.0156582e+00
   1.1218749e+02   8.0156582e+00
   1.1271800e+02   8.0088413e+00
   1.1317271e+02   8.0088413e+00
   1.1382953e+02   7.9952074e+00
   1.1425899e+02   7.9952074e+00
   1.1473897e+02   7.9952074e+00
   1.1526947e+02   7.9815735e+00
   1.1577472e+02   7.9952074e+00
   1.1630522e+02   7.9952074e+00
   1.1693678e+02   7.9952074e+00
   1.1739150e+02   7.9952074e+00
   1.1784621e+02   7.9952074e+00
   1.1825041e+02   7.9952074e+00
   1.1895775e+02   7.9952074e+00
   1.1958930e+02   7.9952074e+00
   1.2006929e+02   7.9952074e+00
   1.2072610e+02   7.9952074e+00
   1.2133239e+02   7.9952074e+00
   1.2201447e+02   7.9952074e+00
   1.2262076e+02   7.9952074e+00
   1.2332810e+02   7.9952074e+00
   1.2401018e+02   8.0088413e+00
   1.2474279e+02   7.9952074e+00
   1.2527329e+02   8.0088413e+00
   1.2577854e+02   8.0088413e+00
   1.2641009e+02   8.0020243e+00
   1.2701638e+02   7.9815735e+00
   1.2769846e+02   7.9815735e+00
   1.2810266e+02   7.9815735e+00
