采样点（周期200ms）Transmit power(dbm)
   1.3025321e+00   2.0021759e+01
   1.8211661e+00   2.0021759e+01
   2.3974262e+00   1.9998272e+01
   2.8296212e+00   1.9998272e+01
   3.2906292e+00   1.9998272e+01
   3.6651983e+00   2.0006101e+01
   4.0109543e+00   1.9990442e+01
   4.6160273e+00   1.9990442e+01
   5.2211004e+00   1.9998272e+01
   5.6821084e+00   1.9998272e+01
   6.0854904e+00   2.0006101e+01
   6.6617505e+00   2.0021759e+01
   7.0075065e+00   2.0021759e+01
   7.4685145e+00   2.0006101e+01
   7.8142706e+00   1.9998272e+01
   8.1600266e+00   2.0006101e+01
   8.4769696e+00   1.9998272e+01
   8.8515386e+00   1.9998272e+01
   9.2261077e+00   1.9998272e+01
   9.5430507e+00   1.9998272e+01
   9.9176197e+00   1.9998272e+01
   1.0321002e+01   1.9998272e+01
   1.0782010e+01   1.9998272e+01
   1.1271831e+01   1.9998272e+01
   1.1646400e+01   1.9998272e+01
   1.2136221e+01   1.9998272e+01
   1.2597229e+01   1.9998272e+01
   1.3173489e+01   1.9998272e+01
   1.3605684e+01   1.9998272e+01
   1.4066692e+01   1.9990442e+01
   1.4470074e+01   1.9990442e+01
   1.4959895e+01   1.9990442e+01
   1.5420903e+01   1.9974784e+01
   1.5853098e+01   1.9974784e+01
   1.6227667e+01   1.9974784e+01
   1.6486984e+01   1.9974784e+01
   1.6890367e+01   1.9974784e+01
   1.7409001e+01   1.9959126e+01
   1.7898822e+01   2.0383251e+00
   1.8331017e+01   2.0383251e+00
   1.8734399e+01   2.0383251e+00
   1.9224220e+01   2.0383251e+00
   1.9627602e+01   2.0304960e+00
   2.0030984e+01   2.0304960e+00
   2.0520805e+01   2.0304960e+00
   2.0924187e+01   2.0304960e+00
   2.1500447e+01   2.0304960e+00
   2.1846203e+01   2.0304960e+00
   2.2278398e+01   2.0304960e+00
   2.2739406e+01   2.0304960e+00
   2.3142788e+01   2.0304960e+00
   2.3546170e+01   2.0461542e+00
   2.3978365e+01   2.0461542e+00
   2.4324121e+01   2.0383251e+00
   2.4785129e+01   2.0304960e+00
   2.5130886e+01   2.0304960e+00
   2.6283405e+01   5.0133824e+00
   2.7464738e+01   1.1026128e+01
   2.7839307e+01   1.1026128e+01
   2.8271502e+01   1.1018299e+01
   2.8703697e+01   1.1018299e+01
   2.9337583e+01   1.0994812e+01
   2.9769778e+01   1.1010470e+01
   3.0230786e+01   1.1010470e+01
   3.0634168e+01   1.1018299e+01
   3.1123990e+01   2.0383261e+00
   3.1671437e+01   2.0383261e+00
   3.2190071e+01   2.0304970e+00
   3.2651079e+01   2.0383261e+00
   3.3054461e+01   2.0383261e+00
   3.3573095e+01   2.0383261e+00
   3.4005290e+01   2.0383261e+00
   3.4437485e+01   2.0304970e+00
   3.4898493e+01   2.0304970e+00
   3.5330688e+01   2.0148388e+00
   3.5820509e+01   2.0148388e+00
   3.6079826e+01   2.0148388e+00
   3.7261158e+01   8.0510726e+00
   3.7722166e+01   8.0510726e+00
   3.8067922e+01   8.0510726e+00
   3.8384865e+01   8.0510726e+00
   3.8788247e+01   8.0510726e+00
   3.9134003e+01   8.0589017e+00
   3.9566198e+01   8.0589017e+00
   4.0142458e+01   8.0589017e+00
   4.0661093e+01   8.0589017e+00
   4.1093288e+01   8.0589017e+00
   4.1583109e+01   8.0510726e+00
   4.2620377e+01   1.3915066e+01
   4.3081385e+01   1.3922895e+01
   4.3571206e+01   1.3915066e+01
   4.3916962e+01   1.3930724e+01
   4.4435596e+01   1.3946382e+01
   4.4838978e+01   1.3930724e+01
   4.5357612e+01   1.3915066e+01
   4.5818620e+01   1.3907237e+01
   4.6222002e+01   1.3891579e+01
   4.6798262e+01   1.3915066e+01
   4.7230457e+01   1.3907237e+01
   4.7576213e+01   1.3891579e+01
   4.8066034e+01   1.3891579e+01
   4.8555855e+01   1.3915066e+01
   4.9160928e+01   1.3891579e+01
   4.9737188e+01   1.3891579e+01
   5.0227010e+01   1.3891579e+01
   5.0745644e+01   1.3907237e+01
   5.1206652e+01   1.3907237e+01
   5.1610034e+01   1.3891579e+01
   5.2243919e+01   2.0148385e+00
   5.2704927e+01   2.0148385e+00
   5.3079496e+01   2.0148385e+00
   5.3482878e+01   2.0148385e+00
   5.3915073e+01   2.0148385e+00
   5.4289642e+01   2.0148385e+00
   5.4721837e+01   2.0148385e+00
   5.5096406e+01   2.0148385e+00
   5.5528601e+01   2.0304967e+00
   5.5960796e+01   2.0304967e+00
   5.6277739e+01   2.0304967e+00
   5.6681121e+01   2.0304967e+00
   5.7055690e+01   2.0304967e+00
   5.7372633e+01   2.0304967e+00
   5.7776015e+01   2.0304967e+00
   5.8121771e+01   2.0304967e+00
   5.9187851e+01   1.0932179e+01
   5.9591233e+01   1.0932179e+01
   6.0052241e+01   1.0932179e+01
   6.0397997e+01   1.0932179e+01
   6.0859005e+01   1.0924350e+01
   6.1320013e+01   1.0908692e+01
   6.1896273e+01   1.0908692e+01
   6.2328468e+01   1.0908692e+01
   6.2760663e+01   1.0916521e+01
   6.3106419e+01   1.0924350e+01
   6.3480988e+01   1.0924350e+01
   6.3855557e+01   1.0924350e+01
   6.4114874e+01   1.0924350e+01
   6.4575883e+01   1.0924350e+01
   6.4921639e+01   1.0924350e+01
   6.5440273e+01   1.0924350e+01
   6.5930094e+01   1.0924350e+01
   6.6477541e+01   1.0932179e+01
   6.6823297e+01   1.0932179e+01
   6.7140240e+01   1.0932179e+01
   6.8148693e+01   1.3805458e+01
   6.8552075e+01   1.3805458e+01
   6.8926644e+01   1.3813287e+01
   6.9243587e+01   1.3813287e+01
   6.9589343e+01   1.3805458e+01
   6.9963912e+01   1.3805458e+01
   7.0453733e+01   1.3789800e+01
   7.0828302e+01   1.3789800e+01
   7.1289310e+01   1.3789800e+01
   7.1692692e+01   1.3813287e+01
   7.2096074e+01   1.3813287e+01
   7.2557082e+01   1.3813287e+01
   7.3046903e+01   1.3813287e+01
   7.3450285e+01   1.3813287e+01
   7.3853667e+01   1.3813287e+01
   7.4401114e+01   1.3805458e+01
   7.4948561e+01   1.3813287e+01
   7.5351943e+01   1.3813287e+01
   7.5784138e+01   1.3813287e+01
   7.6014642e+01   1.3813287e+01
   7.6677340e+01   1.9835244e+00
   7.7051909e+01   1.9756953e+00
   7.7368852e+01   1.9756953e+00
   7.7801047e+01   1.9756953e+00
   7.8290868e+01   1.9835244e+00
   7.8780689e+01   1.9835244e+00
   7.9270510e+01   1.9756953e+00
   7.9673892e+01   1.9756953e+00
   7.9990836e+01   1.9756953e+00
   8.0941663e+01   4.9507514e+00
   8.2065371e+01   1.0877378e+01
   8.2584005e+01   1.0877378e+01
   8.3045013e+01   1.0877378e+01
   8.3419582e+01   1.0853891e+01
   8.3909403e+01   1.0869549e+01
   8.4312785e+01   1.0869549e+01
   8.4802606e+01   1.0869549e+01
   8.5695811e+01   1.9600389e+00
   8.6329697e+01   1.9443808e+00
   8.6992396e+01   1.9443808e+00
   8.7482217e+01   1.9443808e+00
   8.8144916e+01   1.9443808e+00
   8.8577111e+01   1.9443808e+00
   8.9182184e+01   1.9443808e+00
   8.9643192e+01   1.9443808e+00
   9.0248265e+01   1.9287226e+00
   9.0709273e+01   1.9443808e+00
   9.1746540e+01   7.9492989e+00
   9.2178735e+01   7.9492989e+00
   9.2668556e+01   7.9492989e+00
   9.3216003e+01   7.9492989e+00
   9.3648199e+01   7.9492989e+00
   9.4224459e+01   7.9336408e+00
   9.4599028e+01   7.9258117e+00
   9.5060036e+01   7.9258117e+00
   9.5521044e+01   7.9258117e+00
   9.5693922e+01   7.9258117e+00
   9.6731190e+01   1.3766316e+01
   9.7163385e+01   1.3774145e+01
   9.7595580e+01   1.3774145e+01
   9.8229466e+01   1.3719342e+01
   9.8801739e+01   1.3764965e+01
   9.9276563e+01   1.3764965e+01
   9.9775128e+01   1.3764965e+01
   1.0027369e+02   1.3764965e+01
   1.0081974e+02   1.3777867e+01
   1.0134205e+02   1.3777867e+01
   1.0191183e+02   1.3777867e+01
   1.0238666e+02   1.3764965e+01
   1.0293270e+02   1.3764965e+01
   1.0340753e+02   1.3764965e+01
   1.0381113e+02   1.3764965e+01
   1.0430969e+02   1.3764965e+01
   1.0480826e+02   1.3777867e+01
   1.0521186e+02   1.3777867e+01
   1.0568668e+02   1.3764965e+01
   1.0632769e+02   1.9209719e+00
   1.0666007e+02   1.9145209e+00
   1.0694496e+02   1.9145209e+00
   1.0730108e+02   1.9145209e+00
   1.0770468e+02   1.9145209e+00
   1.0817951e+02   1.8887170e+00
   1.0865433e+02   1.8887170e+00
   1.0912915e+02   1.8887170e+00
   1.0955649e+02   1.8822660e+00
   1.1000758e+02   1.8758150e+00
   1.1041118e+02   1.8693641e+00
   1.1086226e+02   1.8629131e+00
   1.1124212e+02   1.8693641e+00
   1.1164572e+02   1.8693641e+00
   1.1216803e+02   1.8758150e+00
   1.1269033e+02   1.8758150e+00
   1.1373613e+02   1.0821491e+01
   1.1419071e+02   1.0840495e+01
   1.1468027e+02   1.0840495e+01
   1.1520480e+02   1.0821491e+01
   1.1569435e+02   1.0821491e+01
   1.1618391e+02   1.0821491e+01
   1.1663850e+02   1.0821491e+01
   1.1716302e+02   1.0821491e+01
   1.1751270e+02   1.0821491e+01
   1.1789736e+02   1.0821491e+01
   1.1835194e+02   1.0821491e+01
   1.1866666e+02   1.0802488e+01
   1.1943596e+02   1.0821491e+01
   1.2010036e+02   1.0792986e+01
   1.2076476e+02   1.0792986e+01
   1.2191871e+02   1.0773983e+01
   1.2293279e+02   1.3766994e+01
   1.2373707e+02   1.3785997e+01
   1.2429656e+02   1.3766994e+01
   1.2492599e+02   1.3747991e+01
   1.2541554e+02   1.3747991e+01
   1.2590510e+02   1.3747991e+01
   1.2674434e+02   1.3747991e+01
   1.2740874e+02   1.3747991e+01
   1.2789830e+02   1.3747991e+01
