采样点（周期200ms）Transmit power(dbm)
   6.6977658e-01   2.0023038e+01
   1.2170853e+00   2.0030863e+01
   1.8220055e+00   2.0030863e+01
   2.2252857e+00   2.0030863e+01
   2.7725944e+00   2.0030863e+01
   3.2046803e+00   2.0023038e+01
   3.6655719e+00   2.0023038e+01
   4.0976577e+00   2.0023038e+01
   4.5009379e+00   2.0023038e+01
   4.8754123e+00   2.0023038e+01
   5.3363039e+00   2.0030863e+01
   5.7971954e+00   2.0007387e+01
   6.2292813e+00   2.0007387e+01
   6.6037557e+00   2.0023038e+01
   6.9782301e+00   2.0007387e+01
   7.3527045e+00   2.0007387e+01
   7.7847904e+00   2.0007387e+01
   8.3320991e+00   2.0007387e+01
   8.7929907e+00   2.0007387e+01
   9.3979109e+00   1.9999561e+01
   9.8299968e+00   1.9999561e+01
   1.0434917e+01   2.0007387e+01
   1.0953420e+01   1.9976085e+01
   1.1414312e+01   2.0007387e+01
   1.1932815e+01   2.0007387e+01
   1.2220872e+01   1.9991736e+01
   1.2883404e+01   1.9991736e+01
   1.3257878e+01   1.9976085e+01
   1.3776381e+01   1.9960434e+01
   1.4179661e+01   1.9960434e+01
   1.4813387e+01   1.9976085e+01
   1.5360696e+01   1.9976085e+01
   1.6138450e+01   1.9976085e+01
   1.6685759e+01   1.9960434e+01
   1.7060233e+01   1.9960434e+01
   1.7463513e+01   1.9968260e+01
   1.7924405e+01   2.0089461e+00
   1.8414102e+01   2.0167715e+00
   1.9047828e+01   2.0558985e+00
   1.9393497e+01   2.0089461e+00
   1.9854388e+01   1.9932952e+00
   2.0401697e+01   1.9932952e+00
   2.0920200e+01   2.0167715e+00
   2.1467509e+01   1.9932952e+00
   2.2014818e+01   2.0011207e+00
   2.2677349e+01   2.0167715e+00
   2.3224658e+01   2.0167715e+00
   2.3599133e+01   2.0167715e+00
   2.4348081e+01   2.0167715e+00
   2.4866584e+01   2.0167715e+00
   2.5442699e+01   2.0167715e+00
   2.5990008e+01   2.0402477e+00
   2.6710151e+01   2.0245969e+00
   2.7603128e+01   2.0011207e+00
   2.8208048e+01   2.0089461e+00
   2.9014609e+01   2.0167715e+00
   3.1059815e+01   1.1000342e+01
   3.1578318e+01   1.1008168e+01
   3.2125626e+01   1.1008168e+01
   3.2730547e+01   1.1023819e+01
   3.3249050e+01   1.1023819e+01
   3.3767553e+01   1.1008168e+01
   3.4372473e+01   1.1008168e+01
   3.4746947e+01   1.1008168e+01
   3.5179033e+01   1.1008168e+01
   3.5783953e+01   1.1008168e+01
   3.6417679e+01   1.1008168e+01
   3.6964988e+01   1.1008168e+01
   3.7598714e+01   1.1000342e+01
   3.8290051e+01   1.1008168e+01
   3.8837360e+01   1.1008168e+01
   3.9499892e+01   1.1000342e+01
   4.0232266e+01   1.1024757e+01
   4.0908460e+01   1.1035562e+01
   4.1544878e+01   1.1003145e+01
   4.2459729e+01   1.1003145e+01
   4.3255251e+01   1.1003145e+01
   4.4329207e+01   1.0981534e+01
   4.5204281e+01   1.0981534e+01
   4.5999804e+01   1.0981534e+01
   4.6636222e+01   1.0981534e+01
   4.7272640e+01   1.0970729e+01
   4.7869281e+01   1.0959923e+01
   4.8505699e+01   1.0959923e+01
   4.9142117e+01   1.0959923e+01
   5.0096744e+01   1.0970729e+01
   5.0971819e+01   1.0970729e+01
   5.1648013e+01   1.0927506e+01
   5.2602640e+01   1.0927506e+01
   5.3278834e+01   1.0938312e+01
   5.4153908e+01   1.0949117e+01
   5.4909654e+01   1.0938312e+01
   5.5864281e+01   1.0949117e+01
   5.6938237e+01   1.0949117e+01
   5.7853087e+01   1.0949117e+01
   5.8688384e+01   1.0949117e+01
   5.9603235e+01   1.0949117e+01
   6.0358981e+01   1.0949117e+01
   6.1273832e+01   1.0949117e+01
   6.2029578e+01   1.0938312e+01
   6.2785324e+01   1.0938312e+01
   6.3541070e+01   1.0938312e+01
   6.4416145e+01   1.0938312e+01
   6.5052563e+01   1.0938312e+01
   6.5808309e+01   1.0938312e+01
   6.6683384e+01   1.0916700e+01
   6.7478906e+01   1.0916700e+01
   6.8115324e+01   1.0927506e+01
   6.8751742e+01   1.0938312e+01
   6.9507488e+01   1.0927506e+01
   7.0342787e+01   1.0916700e+01
   7.1098533e+01   1.0949117e+01
   7.1933832e+01   1.0895089e+01
   7.2689578e+01   1.0873478e+01
   7.3325996e+01   1.0895089e+01
   7.3882861e+01   1.0895089e+01
   7.4479503e+01   1.0895089e+01
   7.5195474e+01   1.0884283e+01
   7.6030773e+01   1.0884283e+01
   7.6905847e+01   1.0895089e+01
   7.7820698e+01   1.0895089e+01
   7.8616221e+01   1.0895089e+01
   7.9491295e+01   1.0895089e+01
   8.0247041e+01   1.0884283e+01
   8.1161892e+01   1.0884283e+01
   8.2036967e+01   1.0873478e+01
   8.2673385e+01   1.0873478e+01
   8.3468907e+01   1.0873478e+01
   8.4224653e+01   1.0873478e+01
   8.4900847e+01   1.0873478e+01
   8.5656594e+01   1.0873478e+01
   8.6491892e+01   1.0873478e+01
   8.7128310e+01   1.0819450e+01
   8.8043161e+01   1.0862672e+01
   8.8878459e+01   1.0862672e+01
   8.9713758e+01   1.0862672e+01
   9.0549056e+01   1.0862672e+01
   9.1225250e+01   1.0841061e+01
   9.2100326e+01   1.0862672e+01
   9.2816296e+01   1.0862672e+01
   9.3532266e+01   1.0862672e+01
   9.4248236e+01   1.0862672e+01
   9.5083535e+01   1.0841061e+01
   9.5879057e+01   1.0841061e+01
   9.6992788e+01   1.0841061e+01
   9.8066744e+01   1.0841061e+01
   9.9140699e+01   1.0841061e+01
   9.9975997e+01   1.0862672e+01
   1.0097040e+02   1.0862672e+01
   1.0168637e+02   1.0841061e+01
   1.0272055e+02   1.0841061e+01
   1.0351607e+02   1.0862672e+01
   1.0423204e+02   1.0862672e+01
   1.0486846e+02   1.0862672e+01
   1.0570376e+02   1.0862672e+01
   1.0645950e+02   1.0862672e+01
   1.0709592e+02   1.0841061e+01
   1.0797100e+02   1.0841061e+01
   1.0908473e+02   1.0841061e+01
   1.0992003e+02   1.0830255e+01
   1.1067577e+02   1.0851866e+01
   1.1131219e+02   1.0862672e+01
   1.1206794e+02   1.0851866e+01
   1.1290324e+02   1.0808644e+01
   1.1353965e+02   1.0830255e+01
   1.1417607e+02   1.0797838e+01
   1.1525003e+02   1.0797838e+01
   1.1608533e+02   1.0797838e+01
   1.1711951e+02   1.0808644e+01
   1.1787525e+02   1.0808644e+01
   1.1894921e+02   1.0808644e+01
   1.1974473e+02   1.0808644e+01
   1.2077891e+02   1.0808644e+01
   1.2169376e+02   1.0808644e+01
   1.2256883e+02   1.0808644e+01
   1.2348368e+02   1.0797838e+01
   1.2419966e+02   1.0797838e+01
   1.2487585e+02   1.0808644e+01
   1.2555204e+02   1.0830255e+01
   1.2642712e+02   1.0808644e+01
   1.2726242e+02   1.0797838e+01
   1.2789883e+02   1.0787033e+01
