采样点（周期200ms）transmit Power(dbm)

   3.1226025e-01   2.0011438e+01
   9.9189700e-01   2.0011438e+01
   1.6715338e+00   2.0019250e+01
   2.4191342e+00   2.0019250e+01
   3.1667346e+00   2.0027063e+01
   4.0502624e+00   2.0027063e+01
   4.8658265e+00   2.0042688e+01
   5.8852816e+00   2.0019250e+01
   6.6328821e+00   2.0011438e+01
   7.6523372e+00   2.0011438e+01
   8.6038286e+00   2.0011438e+01
   9.5553201e+00   2.0011438e+01
   1.0574775e+01   2.0011438e+01
   1.1730158e+01   2.0011438e+01
   1.2749613e+01   2.0011438e+01
   1.3429250e+01   2.0011438e+01
   1.4380741e+01   2.0011438e+01
   1.4856487e+01   2.0011438e+01
   1.6147796e+01   2.0663292e+00
   1.6963360e+01   2.0741416e+00
   1.7507070e+01   2.0741416e+00
   1.8390598e+01   2.0741416e+00
   1.9274125e+01   2.0741416e+00
   2.0429508e+01   2.0741416e+00
   2.1177108e+01   2.0741416e+00
   2.2060636e+01   2.0741416e+00
   2.3148055e+01   2.0741416e+00
   2.4303437e+01   2.0507044e+00
   2.5934566e+01   2.0507044e+00
   2.7089948e+01   2.0507044e+00
   2.8721076e+01   2.0741416e+00
   2.9740531e+01   2.0663292e+00
   3.0692023e+01   2.0663292e+00
   3.1235732e+01   2.0663292e+00
   3.2119260e+01   2.0819540e+00
   3.3274643e+01   2.0819540e+00
   3.4294098e+01   2.0819540e+00
   3.5177626e+01   2.0819540e+00
   3.6129117e+01   2.0897665e+00
   3.7284500e+01   2.0897665e+00
   3.8032100e+01   2.0819540e+00
   3.8779700e+01   2.0741416e+00
   3.9663228e+01   2.0741416e+00
   4.0886574e+01   2.0507044e+00
   4.2177884e+01   2.0585168e+00
   4.3401230e+01   2.0585168e+00
   4.4624576e+01   2.0741416e+00
   4.5644032e+01   2.0741416e+00
   4.6799414e+01   2.0741416e+00
   4.7818869e+01   2.0741416e+00
   4.9110179e+01   2.0897665e+00
   5.0673344e+01   2.0819540e+00
   5.2168544e+01   2.0819540e+00
   5.3255963e+01   2.0819540e+00
   5.4547273e+01   2.0741416e+00
   5.5566728e+01   2.0663292e+00
   5.7197856e+01   2.0663292e+00
   5.8625094e+01   2.0663292e+00
   5.9712512e+01   2.0741417e+00
   6.0392149e+01   2.0819541e+00
   6.1615495e+01   1.1027164e+01
   6.2634950e+01   1.1019352e+01
   6.3518478e+01   1.1019352e+01
   6.4469969e+01   1.1019352e+01
   6.5489424e+01   1.1011539e+01
   6.6372952e+01   1.1027164e+01
   6.7460371e+01   1.0988102e+01
   6.8343899e+01   1.0988102e+01
   6.9771136e+01   1.0988102e+01
   7.0722627e+01   1.1011539e+01
   7.1878010e+01   1.1011539e+01
   7.2761537e+01   1.1011539e+01
   7.3237283e+01   8.0037607e+00
   7.4188774e+01   7.9959483e+00
   7.5208229e+01   8.0193856e+00
   7.6635466e+01   8.0115732e+00
   7.7994740e+01   8.0037607e+00
   7.9082159e+01   8.0037607e+00
   8.0577360e+01   8.0115732e+00
   8.1528851e+01   8.0115732e+00
   8.2480343e+01   8.0193856e+00
   8.3363870e+01   8.0193856e+00
   8.4043507e+01   8.0350104e+00
   8.4927035e+01   8.0271980e+00
   8.5538708e+01   8.0271980e+00
   8.6354273e+01   5.0741066e+00
   8.7305765e+01   5.0741066e+00
   8.8189293e+01   5.0584818e+00
   8.9208748e+01   5.0584818e+00
   9.0092276e+01   5.0584818e+00
   9.1043767e+01   5.0584818e+00
   9.1791367e+01   5.0584818e+00
   9.2810823e+01   5.0584818e+00
   9.3626387e+01   5.0584818e+00
   9.4441951e+01   5.0584818e+00
   9.5053624e+01   5.0428569e+00
   9.5801224e+01   5.0428569e+00
   9.6276969e+01   8.0428231e+00
   9.7228460e+01   8.0584479e+00
   9.8179952e+01   8.0271982e+00
   9.9607189e+01   8.0271982e+00
   1.0035479e+02   8.0271982e+00
   1.0117035e+02   8.0271982e+00
   1.0246166e+02   8.0115734e+00
   1.0361705e+02   8.0428231e+00
   1.0470446e+02   8.0428231e+00
   1.0606374e+02   8.0428231e+00
   1.0721912e+02   8.0428231e+00
   1.0844247e+02   8.0428231e+00
   1.0925803e+02   8.0428231e+00
   1.1041341e+02   8.0350106e+00
   1.1150083e+02   8.0350106e+00
   1.1258825e+02   8.0350106e+00
   1.1381160e+02   8.0193858e+00
   1.1523883e+02   8.0193858e+00
   1.1646218e+02   8.0115734e+00
   1.1775349e+02   8.0193858e+00
   1.1911276e+02   8.0193858e+00
   1.2047204e+02   8.0193858e+00
   1.2176335e+02   8.0193858e+00
   1.2291873e+02   8.0193858e+00
   1.2393818e+02   8.0193858e+00
   1.2529746e+02   8.0115734e+00
   1.2699655e+02   8.0115734e+00
   1.2794804e+02   8.0193858e+00
   1.2923935e+02   8.0193858e+00
   1.3039473e+02   8.0115734e+00
   1.3134622e+02   8.0193858e+00
   1.3209382e+02   8.0193858e+00
   1.3311328e+02   8.0193858e+00
   1.3413273e+02   8.0193858e+00
   1.3555997e+02   8.0350106e+00
   1.3671535e+02   8.0350106e+00
   1.3753092e+02   8.0350106e+00
   1.3855037e+02   8.0350106e+00
   1.3963779e+02   8.0506355e+00
   1.4086114e+02   8.0193858e+00
   1.4188060e+02   8.0193858e+00
   1.4283209e+02   8.0193858e+00
   1.4385154e+02   8.0037610e+00
   1.4473507e+02   8.0037610e+00
   1.4609434e+02   8.0037610e+00
   1.4724973e+02   8.0193858e+00
   1.4860900e+02   8.0193858e+00
   1.4983235e+02   8.0037610e+00
   1.5085180e+02   8.0037610e+00
   1.5234700e+02   8.0193858e+00
   1.5384220e+02   8.0193858e+00
   1.5520148e+02   8.0193858e+00
   1.5656075e+02   8.0428231e+00
   1.5825984e+02   8.0428231e+00
   1.5961912e+02   8.0428231e+00
   1.6097839e+02   8.0428231e+00
   1.6165803e+02   8.0428231e+00
   1.6247359e+02   2.1210148e+00
   1.6328915e+02   2.1288273e+00
   1.6437657e+02   2.1288273e+00
   1.6559992e+02   2.1210148e+00
   1.6668734e+02   2.1210148e+00
   1.6777476e+02   2.1210148e+00
   1.6893014e+02   2.1288273e+00
   1.7028941e+02   2.1288273e+00
   1.7137683e+02   2.1288273e+00
   1.7246425e+02   2.1210148e+00
   1.7375556e+02   2.1288273e+00
   1.7477501e+02   2.1366396e+00
   1.7572650e+02   2.1210148e+00
   1.7667799e+02   2.1210148e+00
   1.7783337e+02   2.1366396e+00
   1.7905672e+02   2.1366396e+00
   1.8021210e+02   2.1522644e+00
   1.8170730e+02   2.1366396e+00
   1.8293065e+02   2.1210148e+00
   1.8415399e+02   2.1210148e+00
   1.8551327e+02   2.1132024e+00
   1.8653272e+02   2.1132024e+00
   1.8795996e+02   2.1132024e+00
   1.8945516e+02   2.1522644e+00
   1.9115425e+02   2.1522644e+00
   1.9251353e+02   2.1444520e+00
   1.9400873e+02   2.1444520e+00
   1.9550393e+02   2.1444520e+00
   1.9686320e+02   2.1444520e+00
   1.9835840e+02   2.1444520e+00
   1.9951378e+02   2.1522644e+00
   2.0080509e+02   2.1210148e+00
   2.0264012e+02   2.1132025e+00
   2.0379550e+02   2.1288273e+00
   2.0529070e+02   2.1288273e+00
   2.0698979e+02   2.1288273e+00
   2.0794128e+02   2.1132025e+00
   2.0936852e+02   2.1132025e+00
   2.1072780e+02   2.1132025e+00
   2.1215503e+02   2.0897653e+00
   2.1358227e+02   2.0975777e+00
   2.1507747e+02   2.1053901e+00
   2.1704842e+02   2.1053901e+00
   2.1833973e+02   2.1053901e+00
   2.1976696e+02   2.1053901e+00
   2.2146606e+02   2.1053901e+00
   2.2323311e+02   2.1132025e+00
   2.2486424e+02   2.1053901e+00
   2.2683519e+02   2.1053901e+00
   2.2819446e+02   2.1053901e+00
   2.2921391e+02   2.0975777e+00
   2.3023337e+02   2.0897653e+00
