采样点（周期200ms）transmit Power(dbm)
  -7.7024021e-02   1.9985504e+01
   6.2340250e-01   1.9974001e+01
   1.2237681e+00   1.9974001e+01
   2.0242555e+00   1.9974001e+01
   2.7246821e+00   1.9974001e+01
   3.4251086e+00   1.9974001e+01
   4.2255960e+00   1.9974001e+01
   4.7259007e+00   1.9974001e+01
   5.1261444e+00   1.9974001e+01
   5.7265100e+00   1.9974001e+01
   6.2268147e+00   1.9974001e+01
   6.6270584e+00   1.9974001e+01
   7.1273631e+00   1.9974001e+01
   7.5276068e+00   1.9974001e+01
   8.2280333e+00   1.9974001e+01
   9.0285208e+00   1.9974001e+01
   9.8290082e+00   1.9974001e+01
   1.0729557e+01   1.9974001e+01
   1.1730166e+01   1.9974001e+01
   1.2730775e+01   1.9974001e+01
   1.3843082e+01   1.9991538e+01
   1.4803667e+01   1.9966998e+01
   1.6191178e+01   1.9966998e+01
   1.7471958e+01   1.9966998e+01
   1.8859470e+01   1.9966998e+01
   2.0780640e+01   1.9942458e+01
   2.1954688e+01   1.9942458e+01
   2.3128736e+01   1.9942458e+01
   2.4622979e+01   1.9942458e+01
   2.5690296e+01   1.9942458e+01
   2.6650881e+01   1.9942458e+01
   2.7931661e+01   1.9942458e+01
   2.8892246e+01   1.9942458e+01
   2.9746099e+01   1.9942458e+01
   3.0920147e+01   1.9942458e+01
   3.2414391e+01   1.9942458e+01
   3.3801902e+01   1.9942458e+01
   3.5082682e+01   1.9942458e+01
   3.6470194e+01   1.9942458e+01
   3.7644242e+01   1.9942458e+01
   3.8498095e+01   1.9930188e+01
   3.9565412e+01   1.9917919e+01
   4.0846192e+01   1.9930188e+01
   4.2020240e+01   1.9930188e+01
   4.3301020e+01   1.9930188e+01
   4.4368337e+01   1.9930188e+01
   4.5435653e+01   1.9930188e+01
   4.6182775e+01   1.9942458e+01
   4.7356823e+01   1.9942458e+01
   4.8744335e+01   1.9930188e+01
   5.0131846e+01   1.9905649e+01
   5.1519358e+01   1.9905649e+01
   5.2800138e+01   1.9917919e+01
   5.4187650e+01   1.9905649e+01
   5.5575162e+01   1.9905649e+01
   5.7176137e+01   1.9905649e+01
   5.8670380e+01   1.9905649e+01
   5.9951160e+01   1.9905649e+01
   6.1231940e+01   1.9905649e+01
   6.2512720e+01   1.9905649e+01
   6.4220426e+01   1.9881109e+01
   6.5501206e+01   1.9881109e+01
   6.6781986e+01   1.9856569e+01
   6.8276229e+01   1.9856569e+01
   6.9770473e+01   1.9856569e+01
   7.1584911e+01   1.9856569e+01
   7.3185886e+01   1.9881109e+01
   7.4680129e+01   1.9881109e+01
   7.6281104e+01   1.9856569e+01
   7.8095542e+01   1.9856569e+01
   8.0016712e+01   1.9856569e+01
   8.1724419e+01   1.9856569e+01
   8.3325394e+01   1.9856569e+01
   8.5139832e+01   1.9881109e+01
   8.6954270e+01   1.9856569e+01
   8.8448513e+01   1.9881109e+01
   8.9729293e+01   1.9856569e+01
   9.1010073e+01   1.9856569e+01
   9.2290853e+01   1.9881109e+01
   9.3678369e+01   1.9868839e+01
   9.5279344e+01   1.9881109e+01
   9.6880319e+01   1.9881109e+01
   9.8161099e+01   1.9881109e+01
   9.9655342e+01   1.9881109e+01
   1.0104285e+02   1.9881109e+01
   1.0232363e+02   1.9881109e+01
   1.0413807e+02   1.9868839e+01
   1.0531212e+02   1.9868839e+01
   1.0669963e+02   1.9868839e+01
   1.0840734e+02   1.9881109e+01
   1.1043524e+02   1.9881109e+01
   1.1224968e+02   1.9881109e+01
   1.1427758e+02   1.9881109e+01
   1.1609202e+02   1.9881109e+01
   1.1769299e+02   1.9881109e+01
   1.1940070e+02   1.9856569e+01
   1.2174880e+02   1.9868839e+01
   1.2388343e+02   1.9868839e+01
   1.2665845e+02   1.9856569e+01
   1.2879309e+02   1.9856569e+01
   1.3071426e+02   1.9881109e+01
   1.3284889e+02   1.9844299e+01
   1.3477006e+02   1.9819759e+01
   1.3626430e+02   1.9844299e+01
   1.3818547e+02   1.9844299e+01
   1.4032010e+02   1.9844299e+01
   1.4213454e+02   1.9819759e+01
   1.4480283e+02   1.9819759e+01
   1.4693747e+02   1.9819759e+01
   1.4875190e+02   1.9819759e+01
   1.5110000e+02   1.9782950e+01
   1.5312790e+02   1.9807490e+01
   1.5526254e+02   1.9819759e+01
   1.5718371e+02   1.9819759e+01
   1.5889141e+02   1.9819759e+01
   1.6102605e+02   1.9819759e+01
   1.6294722e+02   1.9819759e+01
   1.6518858e+02   1.9819759e+01
   1.6678955e+02   1.9795220e+01
   1.6860399e+02   1.9819759e+01
   1.7009824e+02   1.9819759e+01
   1.7159248e+02   1.9819759e+01
   1.7319345e+02   1.9819759e+01
   1.7490116e+02   1.9832029e+01
   1.7650214e+02   1.9832029e+01
   1.7810311e+02   1.9819759e+01
   1.7970409e+02   1.9819759e+01
   1.8109160e+02   1.9819759e+01
   1.8279930e+02   1.9832029e+01
   1.8472047e+02   1.9832029e+01
   1.8653491e+02   1.9819759e+01
   1.8856281e+02   1.9832029e+01
   1.8995032e+02   1.9832029e+01
   1.9165803e+02   1.9819759e+01
   1.9347247e+02   1.9832029e+01
   1.9528691e+02   1.9832029e+01
   1.9710135e+02   1.9832029e+01
   1.9923598e+02   1.9832029e+01
   2.0115715e+02   1.9832029e+01
   2.0307832e+02   1.9832029e+01
   2.0489276e+02   1.9832029e+01
   2.0681393e+02   1.9832029e+01
   2.0905529e+02   1.9832029e+01
   2.1086973e+02   1.9844299e+01
   2.1268417e+02   1.9844299e+01
   2.1407168e+02   1.9832029e+01
   2.1567265e+02   1.9832029e+01
   2.1780729e+02   1.9832029e+01
   2.1940826e+02   1.9832029e+01
   2.2100924e+02   1.9832029e+01
   2.2250348e+02   1.9856569e+01
   2.2442465e+02   1.9856569e+01
   2.2602562e+02   1.9856569e+01
   2.2794679e+02   1.9868839e+01
   2.2933431e+02   1.9881109e+01
   2.3061509e+02   1.9905649e+01
