  -1.3656686e+00   6.9984725e+00
  -5.8496244e-01   6.9903137e+00
  -1.5912271e-01   6.9903137e+00
   2.6671702e-01   6.9903137e+00
   9.0547662e-01   6.9903137e+00
   1.3313163e+00   6.9903137e+00
   1.8281294e+00   6.9943931e+00
   2.1829958e+00   6.9943931e+00
   2.6798088e+00   6.9943931e+00
   3.2475951e+00   6.9903137e+00
   3.6024616e+00   6.9943931e+00
   4.1702479e+00   6.9943931e+00
   4.7380342e+00   6.9943931e+00
   5.3767938e+00   6.9862342e+00
   6.2284733e+00   6.9903137e+00
   6.8672328e+00   6.9903137e+00
   7.5059924e+00   6.9903137e+00
   8.1447520e+00   6.9903137e+00
   8.9964315e+00   6.9903137e+00
   9.9900575e+00   6.9903137e+00
   1.1054657e+01   6.9903137e+00
   1.1764390e+01   6.9780754e+00
   1.2545096e+01   6.9780754e+00
   1.3112882e+01   6.9780754e+00
   1.3893588e+01   6.9903137e+00
   1.4674295e+01   6.9862342e+00
   1.5384027e+01   6.9862342e+00
   1.6022787e+01   6.9903137e+00
   1.6803493e+01   6.9862342e+00
   1.7513226e+01   6.9862342e+00
   1.8364906e+01   6.9862342e+00
   1.8932692e+01   6.9862342e+00
   1.9926318e+01   6.9780754e+00
   2.0636051e+01   6.9780754e+00
   2.1345784e+01   6.9780754e+00
   2.2339410e+01   6.9862342e+00
   2.2978169e+01   6.9862342e+00
   2.4042769e+01   6.9862342e+00
   2.4894448e+01   6.9862342e+00
   2.5604181e+01   6.9862342e+00
   2.6384887e+01   6.9862342e+00
   2.7449487e+01   6.9862342e+00
   2.8301166e+01   6.9903137e+00
   2.8939926e+01   6.9943931e+00
   2.9507712e+01   6.9943931e+00
   3.0572311e+01   6.9862342e+00
   3.1282044e+01   6.9862342e+00
   3.2204698e+01   6.9903137e+00
   3.3056377e+01   6.9903137e+00
   3.4120977e+01   6.9903137e+00
   3.5185576e+01   6.9903137e+00
   3.6037255e+01   6.9943931e+00
   3.7030881e+01   6.9943931e+00
   3.7953534e+01   6.9943931e+00
   3.8734240e+01   6.9943931e+00
   3.9940786e+01   6.9943931e+00
   4.0863439e+01   6.9943931e+00
   4.2140958e+01   6.9903137e+00
   4.2779718e+01   6.9821548e+00
   4.3631397e+01   6.9903137e+00
   4.5618649e+01   3.9797018e+00
   4.6115463e+01   6.9903140e+00
   4.6754222e+01   6.9903140e+00
   4.7605902e+01   6.9903140e+00
   4.8457581e+01   6.9903140e+00
   4.9380234e+01   6.9903140e+00
   5.0302887e+01   6.9984729e+00
   5.1367486e+01   6.9984729e+00
   5.2361112e+01   6.9903140e+00
   5.3496685e+01   6.9903140e+00
   5.4561284e+01   6.9903140e+00
   5.5696857e+01   6.9903140e+00
   5.6477563e+01   7.0025523e+00
   5.7329242e+01   7.0025523e+00
   5.8251895e+01   6.9984729e+00
   5.8748708e+01   6.9903140e+00
   5.9387468e+01   6.9903140e+00
   6.0026227e+01   6.9903140e+00
   6.0664987e+01   6.9903140e+00
   6.1374720e+01   6.9903140e+00
   6.2297372e+01   3.9878614e+00
   6.3503916e+01   6.9984729e+00
   6.4142676e+01   6.9943934e+00
   6.4923382e+01   6.9984729e+00
   6.5633115e+01   6.9984729e+00
   6.6484795e+01   6.9984729e+00
   6.7336474e+01   6.9984729e+00
   6.8401073e+01   6.9984729e+00
   6.9181780e+01   6.9984729e+00
   6.9891512e+01   6.9984729e+00
   7.0672219e+01   6.9984729e+00
   7.1381951e+01   6.9984729e+00
   7.2375577e+01   3.9919407e+00
   7.3724070e+01   7.0066318e+00
   7.4223852e+01   7.0063267e+00
   7.5498402e+01   3.9960200e+00
   7.6421055e+01   7.0066314e+00
   7.7485654e+01   7.0025520e+00
   7.8550253e+01   7.0025520e+00
   7.9472906e+01   7.0025520e+00
   8.0324585e+01   7.0025520e+00
   8.1531131e+01   7.0025520e+00
   8.2453784e+01   7.0025520e+00
   8.3376437e+01   7.0025520e+00
   8.4370063e+01   7.0025520e+00
   8.5292716e+01   7.0025520e+00
   8.6144395e+01   7.0025520e+00
   8.7563861e+01   3.9960200e+00
   8.8344567e+01   7.0025520e+00
   8.9409166e+01   7.0066314e+00
   9.0331819e+01   7.0066314e+00
   9.1112525e+01   7.0147903e+00
   9.2248098e+01   7.0066314e+00
   9.3525617e+01   6.9984726e+00
   9.4661190e+01   6.9943932e+00
   9.5796762e+01   6.9862343e+00
   9.7074281e+01   6.9862343e+00
   9.8280827e+01   6.9862343e+00
   9.9416400e+01   6.9862343e+00
   1.0041003e+02   6.9862343e+00
   1.0154560e+02   6.9862343e+00
   1.0261020e+02   6.9862343e+00
   1.0360382e+02   6.9780755e+00
   1.0459745e+02   6.9862343e+00
   1.0573302e+02   6.9862343e+00
   1.0701054e+02   6.9862343e+00
   1.0807514e+02   6.9862343e+00
   1.0935266e+02   6.9984726e+00
   1.1070116e+02   6.9943932e+00
   1.1162381e+02   6.9984726e+00
   1.1219160e+02   7.0066314e+00
   1.1339814e+02   4.0123374e+00
   1.1424982e+02   6.9984724e+00
   1.1510150e+02   6.9984724e+00
   1.1623707e+02   7.0066312e+00
   1.1730167e+02   6.9984724e+00
   1.1822432e+02   6.9984724e+00
   1.1943087e+02   6.9903136e+00
   1.2056644e+02   6.9780753e+00
   1.2191494e+02   6.9903136e+00
   1.2340537e+02   6.9903136e+00
   1.2468289e+02   6.9862341e+00
   1.2624431e+02   6.9943930e+00
   1.2752183e+02   6.9903136e+00
   1.2865740e+02   6.9903136e+00
   1.2979297e+02   6.9780753e+00
   1.3135438e+02   6.9984724e+00
   1.3241898e+02   6.9984724e+00
   1.3376747e+02   6.9943930e+00
   1.3504500e+02   6.9862341e+00
   1.3646446e+02   6.9780753e+00
   1.3788393e+02   6.9780753e+00
   1.3944534e+02   6.9903136e+00
   1.4121967e+02   6.9943930e+00
   1.4214233e+02   6.9943930e+00
   1.4320693e+02   6.9943930e+00
   1.4448444e+02   6.9903136e+00
   1.4590391e+02   6.9903136e+00
   1.4711046e+02   6.9862341e+00
   1.4838798e+02   6.9862341e+00
   1.4952355e+02   6.9862341e+00
   1.5087204e+02   6.9780753e+00
   1.5200761e+02   6.9862341e+00
   1.5314319e+02   6.9862341e+00
   1.5420779e+02   6.9862341e+00
   1.5520141e+02   6.9862341e+00
   1.5640796e+02   6.9862341e+00
   1.5768548e+02   6.9903136e+00
   1.5910494e+02   6.9943930e+00
   1.6031149e+02   6.9943930e+00
   1.6137609e+02   6.9943930e+00
   1.6244069e+02   6.9943930e+00
   1.6378918e+02   6.9984724e+00
   1.6499572e+02   6.9862341e+00
   1.6627324e+02   6.9862341e+00
   1.6733784e+02   6.9862341e+00
   1.6868633e+02   6.9943930e+00
   1.6996385e+02   7.0025518e+00
   1.7060261e+02   6.9984724e+00
   1.7180916e+02   3.9797016e+00
   1.7273181e+02   7.0066307e+00
   1.7358349e+02   7.0066307e+00
   1.7457711e+02   7.0066307e+00
   1.7535782e+02   7.0066307e+00
   1.7642242e+02   7.0066307e+00
   1.7727410e+02   7.0066307e+00
   1.7840967e+02   7.0066307e+00
   1.7904843e+02   7.0025513e+00
   1.7961622e+02   7.0066307e+00
   1.8089374e+02   3.9837810e+00
   1.8139055e+02   7.0066307e+00
   1.8259709e+02   7.0066307e+00
   1.8366169e+02   3.9878604e+00
   1.8493921e+02   7.0025513e+00
   1.8586187e+02   6.9984719e+00
   1.8650063e+02   6.9984719e+00
   1.8742328e+02   7.0025513e+00
   1.8891372e+02   3.9837810e+00
   1.8962345e+02   7.0025519e+00
   1.9047513e+02   7.0025519e+00
   1.9146876e+02   7.0025519e+00
   1.9224946e+02   7.0025519e+00
   1.9310114e+02   7.0025519e+00
   1.9416574e+02   7.0025519e+00
   1.9515937e+02   7.0025519e+00
   1.9579813e+02   7.0025519e+00
   1.9657883e+02   7.0107107e+00
   1.9778538e+02   3.9797022e+00
   1.9892095e+02   3.9797022e+00
   1.9955971e+02   7.0147909e+00
   2.0112112e+02   3.9919412e+00
   2.0183086e+02   7.0066329e+00
   2.0282448e+02   7.0066329e+00
   2.0360519e+02   7.0066329e+00
   2.0466979e+02   7.0107123e+00
   2.0552147e+02   7.0066329e+00
   2.0644412e+02   6.9984741e+00
   2.0736677e+02   6.9984741e+00
   2.0857332e+02   7.0066329e+00
   2.0956694e+02   6.9903152e+00
   2.1041862e+02   6.9984741e+00
   2.1148322e+02   6.9984741e+00
   2.1276074e+02   6.9903152e+00
   2.1382534e+02   6.9984741e+00
   2.1496091e+02   7.0066329e+00
   2.1645135e+02   3.9674650e+00
   2.1701914e+02   7.0025530e+00
   2.1794179e+02   7.0107118e+00
   2.1872250e+02   7.0107118e+00
   2.1978710e+02   7.0107118e+00
   2.2120657e+02   3.9552265e+00
   2.2177435e+02   7.0066321e+00
   2.2262603e+02   7.0066321e+00
   2.2347771e+02   7.0066321e+00
   2.2432939e+02   7.0025527e+00
   2.2511010e+02   7.0025527e+00
   2.2631664e+02   3.9593059e+00
   2.2752319e+02   3.9633853e+00
   2.2809097e+02   6.9984738e+00
   2.2936849e+02   6.9862356e+00
