  -9.3138529e-01   6.9713454e+00
  -2.4005089e-02   6.9713454e+00
   8.0776010e-01   6.9713454e+00
   1.6395253e+00   6.9713454e+00
   2.6225205e+00   6.9713454e+00
   3.5299007e+00   6.9713454e+00
   4.2860509e+00   6.9713454e+00
   5.1934311e+00   6.9800628e+00
   5.9495812e+00   6.9757041e+00
   6.9325765e+00   6.9582693e+00
   7.6887266e+00   6.9582693e+00
   8.5204918e+00   6.9669867e+00
   9.2010270e+00   6.9669867e+00
   1.0259637e+01   6.9582693e+00
   1.0864557e+01   6.9582693e+00
   1.1771938e+01   6.9582693e+00
   1.2830548e+01   6.9582693e+00
   1.3813543e+01   6.9582693e+00
   1.4796538e+01   6.9582693e+00
   1.5855148e+01   6.9582693e+00
   1.6686914e+01   6.9582693e+00
   1.7594294e+01   6.9582693e+00
   1.8652904e+01   6.9669867e+00
   1.9635899e+01   6.9669867e+00
   2.0845740e+01   6.9669867e+00
   2.1979965e+01   6.9669867e+00
   2.2736115e+01   6.9757041e+00
   2.3794725e+01   6.9757041e+00
   2.4475260e+01   6.9757041e+00
   2.5155796e+01   6.9800628e+00
   2.6290021e+01   3.9594799e+00
   2.7197401e+01   6.9887800e+00
   2.8331627e+01   3.9594799e+00
   2.9314622e+01   6.9844213e+00
   3.0448848e+01   6.9887800e+00
   3.1431843e+01   6.9800626e+00
   3.2792913e+01   6.9800626e+00
   3.4153983e+01   6.9800626e+00
   3.5363824e+01   6.9800626e+00
   3.6498049e+01   6.9800626e+00
   3.7783504e+01   6.9844213e+00
   3.9068960e+01   6.9844213e+00
   4.0127570e+01   6.9844213e+00
   4.1261795e+01   6.9800626e+00
   4.2093560e+01   6.9713452e+00
   4.3076555e+01   6.9713452e+00
   4.4437626e+01   3.9551212e+00
   4.5420622e+01   6.9713452e+00
   4.6328002e+01   6.9713452e+00
   4.7840302e+01   6.9887800e+00
   4.8672067e+01   6.9887800e+00
   4.9503833e+01   6.9887800e+00
   5.0335598e+01   6.9844213e+00
   5.1545438e+01   6.9844213e+00
   5.2301588e+01   3.9638386e+00
   5.3662659e+01   3.9551212e+00
   5.4418809e+01   6.9757041e+00
   5.5174959e+01   6.9757041e+00
   5.6006724e+01   6.9757041e+00
   5.6914104e+01   6.9757041e+00
   5.7594639e+01   6.9757041e+00
   5.8199560e+01   6.9757041e+00
   5.9636245e+01   3.9812733e+00
   6.0392395e+01   6.9713451e+00
   6.1299775e+01   6.9800625e+00
   6.2055926e+01   6.9800625e+00
   6.2660846e+01   6.9800625e+00
   6.3795071e+01   6.9800625e+00
   6.4475606e+01   3.9725559e+00
   6.5609832e+01   6.9757038e+00
   6.6290367e+01   6.9757038e+00
   6.6970902e+01   6.9757038e+00
   6.7727052e+01   6.9757038e+00
   6.8558817e+01   6.9713451e+00
   6.9314967e+01   6.9757038e+00
   7.0146733e+01   6.9757038e+00
   7.0978498e+01   6.9757038e+00
   7.1810263e+01   6.9844212e+00
   7.2793258e+01   6.9844212e+00
   7.3549408e+01   6.9844212e+00
   7.4683634e+01   6.9844212e+00
   7.5742243e+01   6.9844212e+00
   7.6800854e+01   6.9844212e+00
   7.7708234e+01   6.9844212e+00
   7.8691229e+01   3.9812733e+00
   7.9749840e+01   6.9887799e+00
   8.0581605e+01   6.9931387e+00
   8.1640215e+01   6.9931387e+00
   8.2471980e+01   6.9887799e+00
   8.3303746e+01   6.9844212e+00
   8.3984281e+01   6.9887799e+00
   8.4589201e+01   6.9844212e+00
   8.5647811e+01   3.9899905e+00
   8.6177116e+01   6.9931389e+00
   8.8143106e+01   3.9987079e+00
   8.9352947e+01   2.9962062e+00
   9.0411557e+01   2.9962062e+00
   9.1394553e+01   2.9962062e+00
   9.2301933e+01   2.9962062e+00
   9.3209313e+01   2.9962062e+00
   9.3889848e+01   2.9962062e+00
   9.4570383e+01   2.9962062e+00
   9.5175303e+01   2.9918475e+00
   9.5855839e+01   2.9918475e+00
   9.6611989e+01   2.9962062e+00
   9.7443754e+01   2.9962062e+00
   9.8653594e+01   2.9962062e+00
   9.9485360e+01   3.9943497e+00
   1.0031713e+02   6.9844214e+00
   1.0114889e+02   6.9844214e+00
   1.0213189e+02   6.9931389e+00
   1.0303927e+02   6.9931389e+00
   1.0394665e+02   6.9931389e+00
   1.0492964e+02   6.9931389e+00
   1.0606387e+02   6.9844214e+00
   1.0757617e+02   4.0030671e+00
   1.0833232e+02   6.9887802e+00
   1.0931531e+02   6.9800627e+00
   1.1037392e+02   6.9844214e+00
   1.1128130e+02   6.9887802e+00
   1.1249114e+02   6.9887802e+00
   1.1339852e+02   6.9887802e+00
   1.1415467e+02   6.9887802e+00
   1.1521328e+02   6.9887802e+00
   1.1649874e+02   6.9887802e+00
   1.1755735e+02   6.9887802e+00
   1.1891842e+02   6.9800627e+00
   1.2035510e+02   6.9844214e+00
   1.2186741e+02   6.9800627e+00
   1.2269917e+02   6.9800627e+00
   1.2368217e+02   6.9887802e+00
   1.2458955e+02   6.9887802e+00
   1.2564816e+02   6.9800627e+00
   1.2655554e+02   6.9887802e+00
   1.2761415e+02   6.9887802e+00
   1.2859714e+02   6.9800627e+00
   1.2958014e+02   6.9887802e+00
   1.3041190e+02   6.9887802e+00
   1.3131928e+02   6.9800627e+00
   1.3230228e+02   6.9800627e+00
   1.3290720e+02   6.9800627e+00
   1.3404142e+02   3.9899910e+00
   1.3487319e+02   6.9931389e+00
   1.3593180e+02   3.9943497e+00
   1.3714164e+02   6.9974976e+00
   1.3812464e+02   6.9931389e+00
   1.3925886e+02   6.9844214e+00
   1.4024186e+02   6.9931389e+00
   1.4114924e+02   6.9931389e+00
   1.4220785e+02   6.9931389e+00
   1.4311523e+02   6.9931389e+00
   1.4440068e+02   6.9974976e+00
   1.4553491e+02   6.9974976e+00
   1.4674475e+02   6.9844214e+00
   1.4818143e+02   6.9757040e+00
   1.4946689e+02   6.9757040e+00
   1.5090357e+02   6.9757040e+00
   1.5211341e+02   6.9844214e+00
   1.5355010e+02   6.9844214e+00
   1.5491117e+02   6.9844214e+00
   1.5612101e+02   6.9844214e+00
   1.5748208e+02   6.9974976e+00
   1.5884315e+02   6.9844214e+00
   1.6020422e+02   6.9844214e+00
   1.6164091e+02   6.9757040e+00
   1.6285075e+02   6.9844214e+00
   1.6413619e+02   6.9931389e+00
   1.6542165e+02   6.9931389e+00
   1.6640465e+02   6.9931389e+00
   1.6776572e+02   6.9757040e+00
   1.6889994e+02   3.9856319e+00
   1.6942925e+02   6.9974972e+00
   1.7048786e+02   6.9974972e+00
   1.7184893e+02   3.9769145e+00
   1.7275631e+02   6.9887798e+00
   1.7351246e+02   6.9887798e+00
   1.7441984e+02   6.9887798e+00
   1.7525160e+02   6.9887798e+00
   1.7623460e+02   6.9974972e+00
   1.7706636e+02   6.9974972e+00
   1.7804936e+02   6.9974972e+00
   1.7888112e+02   7.0062146e+00
   1.7971289e+02   6.9974972e+00
   1.8054465e+02   6.9974972e+00
   1.8145203e+02   6.9887798e+00
   1.8266187e+02   6.9974972e+00
   1.8379610e+02   6.9974972e+00
   1.8508155e+02   6.9887798e+00
   1.8591332e+02   6.9887798e+00
   1.8674509e+02   6.9887798e+00
   1.8780370e+02   6.9844211e+00
   1.8878669e+02   6.9844211e+00
   1.8976969e+02   6.9844211e+00
   1.9052584e+02   6.9844211e+00
   1.9150883e+02   6.9844211e+00
   1.9203814e+02   6.9800624e+00
   1.9279429e+02   6.9844211e+00
   1.9370167e+02   3.9638384e+00
   1.9506274e+02   3.9812732e+00
   1.9559204e+02   6.9844211e+00
   1.9680188e+02   6.9844211e+00
   1.9793611e+02   6.9844211e+00
   1.9884349e+02   6.9844211e+00
   1.9990210e+02   6.9844211e+00
   2.0111194e+02   6.9844211e+00
   2.0209493e+02   6.9844211e+00
   2.0300231e+02   6.9844211e+00
   2.0390970e+02   6.9844211e+00
   2.0489269e+02   6.9844211e+00
   2.0602692e+02   6.9844211e+00
   2.0700991e+02   6.9844211e+00
   2.0791729e+02   6.9844211e+00
   2.0905152e+02   6.9844211e+00
   2.1011013e+02   6.9757037e+00
   2.1094189e+02   6.9757037e+00
   2.1192489e+02   3.9638384e+00
   2.1283227e+02   6.9800624e+00
   2.1396649e+02   6.9800624e+00
   2.1487387e+02   6.9800624e+00
   2.1555441e+02   6.9800624e+00
   2.1623494e+02   6.9844211e+00
   2.1699109e+02   6.9844211e+00
   2.1812532e+02   6.9800624e+00
   2.1956200e+02   6.9931385e+00
   2.2084746e+02   6.9844211e+00
   2.2205730e+02   6.9844211e+00
   2.2311591e+02   6.9844211e+00
   2.2402329e+02   6.9844211e+00
   2.2515751e+02   6.9844211e+00
   2.2597347e+02   3.9310113e+00
   2.2621612e+02   6.9844211e+00
   2.2692175e+02   6.9831803e+00
   2.2815386e+02   3.9351281e+00
   2.2876991e+02   6.9802214e+00
